0	0	0
465	0	0
931	0	0
1161	0	0
1381	0	0
1591	0	0
1811	0	0
2037	5	0
2270	12	0
2500	21	0
2725	39	0
2957	57	0
3189	80	0
3423	105	0
3661	129	0
3905	160	0
4095	179	0
24	450	17
397	347	10
892	309	10
1097	237	0
1356	178	0
1622	164	0
1841	153	0
2066	172	0
2296	163	0
2522	156	0
2742	149	0
2999	152	0
3228	152	0
3469	139	0
3662	164	0
3903	185	0
4095	231	0
26	630	34
352	861	38
605	628	35
1033	485	30
1332	365	35
1587	337	29
1771	309	28
2011	339	28
2252	313	27
2554	288	22
2747	260	19
3003	248	18
3226	197	17
3453	172	14
3660	198	8
3897	225	0
4095	309	0
23	1035	62
308	1005	91
372	976	87
810	851	82
1154	751	73
1434	667	67
1700	570	65
1957	506	68
2208	463	61
2484	402	57
2742	371	52
2963	343	50
3184	297	48
3408	339	42
3648	380	36
3899	394	28
4095	413	18
20	1396	144
199	1365	144
330	1333	139
548	1185	134
1007	1097	120
1338	1025	106
1607	952	101
1864	890	108
2121	843	100
2402	782	92
2653	755	89
2889	723	82
3126	691	81
3350	651	79
3589	614	73
3842	563	68
4095	544	53
19	1650	174
90	1650	176
236	1592	183
521	1473	181
805	1407	166
1227	1353	158
1530	1301	155
1790	1241	154
2055	1196	175
2333	1157	156
2600	1123	141
2847	1102	119
3082	1070	114
3311	1042	109
3559	993	112
3802	969	109
4044	915	89
18	1840	204
83	1840	208
232	1813	213
432	1743	228
678	1664	220
1110	1625	211
1450	1581	205
1724	1540	200
1996	1502	199
2279	1476	193
2547	1455	189
2800	1437	157
3042	1418	156
3286	1379	156
3528	1366	151
3767	1350	147
4009	1319	132
19	2032	231
76	2032	226
228	2019	238
380	1960	262
623	1909	271
1027	1854	266
1372	1817	256
1660	1787	247
1947	1759	238
2231	1744	230
2508	1727	215
2766	1716	194
3014	1702	193
3263	1684	199
3501	1666	196
3748	1659	185
3992	1653	175
19	2265	258
68	2265	258
190	2261	263
312	2192	296
507	2117	309
959	2091	319
1341	2061	291
1636	2031	289
1921	2013	281
2208	2001	261
2490	1988	241
2751	1977	230
2997	1968	233
3242	1960	243
3477	1947	236
3727	1938	227
3967	1930	218
24	2502	281
61	2502	281
172	2501	282
284	2456	333
469	2404	353
908	2370	372
1287	2345	347
1597	2319	332
1888	2299	316
2171	2284	300
2463	2272	284
2726	2259	267
2973	2252	276
3217	2239	286
3454	2227	277
3703	2217	268
3944	2205	258
29	2726	354
60	2726	354
145	2726	354
264	2697	384
372	2645	411
846	2625	423
1240	2603	402
1569	2586	382
1859	2568	348
2157	2563	329
2438	2547	313
2706	2541	294
2958	2535	277
3208	2530	287
3449	2522	286
3698	2515	285
3938	2509	298
41	2954	431
59	2954	431
133	2953	431
244	2934	434
351	2893	451
768	2870	462
1199	2852	456
1548	2838	432
1843	2823	388
2140	2815	365
2425	2808	342
2692	2800	322
2948	2798	298
3201	2787	289
3442	2782	295
3687	2774	302
3924	2767	338
61	3179	508
61	3179	508
149	3179	486
258	3172	463
373	3138	491
694	3112	502
1231	3090	485
1544	3075	467
1861	3063	427
2148	3056	413
2430	3051	401
2684	3043	381
2945	3043	361
3194	3041	347
3428	3036	338
3688	3027	344
3945	3011	369
131	3398	517
131	3398	517
165	3394	515
293	3382	515
395	3365	536
784	3339	527
1210	3325	519
1494	3310	514
1810	3303	509
2142	3297	477
2402	3291	470
2654	3288	482
2904	3284	467
3170	3283	406
3420	3277	404
3681	3268	414
3945	3253	427
175	3633	560
176	3633	560
176	3633	565
318	3623	567
381	3614	601
680	3592	583
1013	3574	613
1444	3561	598
1758	3554	590
2060	3551	541
2344	3547	540
2611	3539	552
2872	3534	536
3131	3529	520
3392	3522	506
3622	3522	499
3885	3510	516
227	3883	641
227	3883	641
227	3883	641
297	3884	641
368	3884	642
451	3872	665
732	3852	666
1178	3832	643
1578	3818	619
1918	3813	617
2232	3808	566
2538	3802	608
2805	3796	580
3069	3789	580
3328	3782	608
3599	3776	570
3874	3765	559
262	4095	696
264	4095	696
270	4095	697
277	4095	699
277	4095	699
277	4095	699
493	4095	719
826	4095	687
1328	4083	699
1774	4072	677
2125	4066	639
2449	4061	619
2742	4055	624
3018	4048	639
3288	4040	644
3564	4031	641
3843	4020	623
89	57	218
573	36	273
972	14	268
1251	10	256
1503	9	235
1657	10	193
1865	11	177
2077	18	171
2321	25	164
2527	33	155
2747	63	149
3050	67	0
3204	86	0
3434	109	0
3668	131	0
3907	152	0
4095	182	0
78	494	271
434	331	287
890	280	273
1154	230	268
1386	212	250
1624	188	209
1864	176	208
2114	174	198
2339	167	191
2598	147	173
2803	140	169
3016	146	146
3226	148	137
3437	148	129
3668	161	122
3903	183	92
4095	217	39
55	904	294
294	863	289
559	604	279
1031	494	274
1287	414	256
1590	366	228
1800	341	227
2048	329	214
2337	298	206
2556	276	199
2787	254	188
3018	241	185
3231	202	171
3444	187	167
3675	199	148
3903	214	145
4095	289	99
32	1035	296
191	1006	296
394	977	281
769	852	280
1128	753	273
1436	649	259
1702	572	245
1959	505	242
2211	463	223
2486	401	212
2745	505	207
2965	482	208
3185	447	184
3409	420	184
3649	398	176
3900	365	149
4095	407	142
20	1398	310
176	1366	304
331	1335	300
547	1166	299
1008	1099	301
1338	1026	289
1609	953	272
1866	891	260
2123	844	245
2404	782	235
2655	755	232
2890	724	226
3127	692	213
3351	652	198
3590	616	182
3842	564	173
4095	544	169
19	1652	302
97	1623	312
244	1594	321
489	1475	307
805	1408	329
1227	1354	313
1531	1302	299
1792	1242	290
2057	1197	290
2334	1158	273
2600	1123	263
2848	1103	252
3083	1072	235
3312	1043	248
3561	994	211
3803	970	209
4045	916	192
19	1841	260
86	1841	296
220	1814	332
431	1744	344
678	1665	353
1111	1627	346
1451	1582	334
1725	1541	320
1997	1503	316
2281	1477	310
2548	1456	300
2801	1438	292
3043	1419	285
3287	1380	278
3529	1366	269
3768	1351	247
4010	1319	235
19	2033	334
77	2033	334
196	2020	352
350	1962	372
623	1910	386
1027	1855	379
1372	1818	371
1661	1788	362
1948	1760	350
2232	1745	343
2509	1727	328
2767	1716	313
3015	1703	307
3264	1685	305
3502	1666	295
3748	1660	276
3992	1653	266
20	2266	360
67	2266	359
180	2263	367
313	2193	393
509	2118	411
961	2092	413
1342	2062	402
1637	2032	399
1922	2014	392
2208	2002	374
2490	1988	332
2752	1977	326
2997	1968	334
3243	1961	332
3478	1948	325
3727	1938	305
3967	1930	284
25	2502	310
65	2502	326
158	2501	401
299	2456	440
471	2404	423
910	2370	447
1288	2345	431
1598	2319	437
1888	2299	425
2172	2284	410
2463	2272	392
2726	2259	375
2973	2252	362
3217	2239	360
3454	2227	355
3703	2217	331
3944	2205	306
29	2726	354
63	2726	354
151	2726	453
290	2696	481
430	2645	453
849	2625	471
1242	2603	452
1571	2586	478
1860	2568	455
2158	2563	415
2439	2547	413
2706	2541	398
2958	2535	376
3209	2529	367
3449	2521	367
3697	2514	366
3938	2509	346
41	2953	431
63	2953	431
143	2953	508
263	2933	521
417	2892	531
799	2869	495
1201	2852	480
1550	2838	471
1845	2823	454
2157	2811	438
2438	2804	434
2700	2797	415
2953	2794	397
3201	2787	386
3442	2782	377
3687	2774	384
3925	2766	365
62	3175	528
80	3175	521
155	3172	532
276	3156	556
412	3124	560
781	3103	519
1232	3090	508
1545	3075	483
1863	3063	457
2149	3056	451
2431	3051	444
2685	3043	427
2945	3043	424
3195	3041	413
3428	3036	404
3686	3028	387
3943	3012	370
131	3398	558
134	3398	571
166	3393	564
301	3382	564
437	3365	564
780	3339	544
1212	3325	519
1496	3310	545
1811	3303	525
2138	3299	537
2405	3291	529
2655	3288	512
2904	3284	498
3170	3284	452
3419	3278	445
3680	3269	450
3943	3254	429
175	3632	606
175	3632	606
181	3632	603
310	3622	586
407	3613	603
663	3591	616
1022	3573	634
1447	3560	601
1760	3554	622
2061	3551	580
2344	3547	568
2610	3540	553
2871	3534	537
3129	3530	522
3390	3523	507
3625	3522	506
3887	3510	524
227	3883	641
227	3883	641
227	3884	641
283	3884	641
362	3885	642
461	3873	664
730	3853	677
1177	3833	643
1576	3819	630
1916	3814	618
2229	3809	604
2540	3802	586
2807	3796	580
3071	3789	580
3329	3783	607
3599	3776	569
3874	3765	560
263	4095	696
265	4095	696
270	4095	697
277	4095	699
277	4095	699
277	4095	699
492	4095	719
824	4095	687
1327	4083	700
1773	4072	679
2124	4067	641
2449	4062	619
2741	4056	623
3017	4048	639
3287	4041	644
3564	4032	641
3842	4020	623
131	115	538
595	76	553
1014	38	550
1278	31	533
1516	28	497
1712	27	417
1936	25	387
2144	32	377
2373	38	368
2613	45	358
2829	63	348
3045	77	291
3258	88	258
3473	108	250
3689	126	243
3905	145	191
4095	175	123
108	538	562
442	346	565
829	317	555
1210	237	538
1415	232	502
1633	202	424
1882	179	418
2161	175	423
2382	172	405
2625	139	367
2800	131	353
3030	140	304
3241	146	288
3452	150	273
3684	158	261
3903	174	196
4095	204	132
75	930	553
289	860	552
502	597	538
919	502	522
1242	435	490
1554	377	437
1829	349	427
2084	329	428
2338	306	413
2603	272	376
2807	248	358
3024	233	352
3235	207	326
3447	193	321
3688	199	310
3899	203	295
4095	270	215
44	1104	531
185	1131	525
417	974	520
729	826	515
1102	737	503
1402	631	454
1657	564	435
1935	506	443
2188	465	417
2475	406	367
2750	502	362
2969	479	366
3188	450	364
3411	410	369
3634	371	359
3904	335	335
4095	324	267
20	1425	476
164	1403	492
333	1302	488
550	1147	464
984	1071	498
1318	1002	494
1590	939	473
1852	888	453
2108	840	430
2393	786	377
2655	756	375
2892	725	370
3129	693	380
3351	651	378
3553	641	364
3833	566	349
4086	548	285
20	1638	430
99	1618	448
252	1585	466
474	1463	507
824	1387	493
1211	1338	467
1518	1288	443
1788	1239	426
2052	1193	404
2329	1155	390
2597	1123	385
2849	1103	386
3083	1069	394
3287	1057	387
3556	992	373
3793	967	309
4031	927	295
20	1832	316
90	1832	384
213	1806	451
398	1741	519
694	1661	487
1086	1620	481
1446	1580	464
1722	1539	441
1996	1502	434
2281	1476	428
2547	1454	410
2796	1435	427
3021	1417	414
3286	1378	400
3525	1362	386
3761	1350	346
4000	1328	339
20	2028	437
80	2028	441
174	2017	461
338	1955	524
618	1902	502
1029	1851	493
1372	1817	486
1660	1786	477
1948	1759	461
2221	1744	487
2497	1728	481
2767	1714	441
3014	1698	422
3261	1680	410
3499	1665	395
3741	1661	365
3981	1655	344
22	2263	461
68	2263	461
164	2259	472
315	2182	528
523	2107	546
954	2080	520
1328	2050	513
1626	2023	508
1915	2004	503
2203	1994	512
2488	1984	488
2748	1973	454
2994	1966	435
3240	1959	422
3470	1945	415
3719	1938	383
3956	1927	350
25	2498	491
67	2498	510
147	2480	520
314	2435	546
483	2388	567
928	2356	578
1286	2327	567
1598	2304	541
1887	2287	533
2171	2273	521
2463	2264	501
2725	2253	483
2972	2247	448
3214	2234	434
3450	2221	433
3696	2212	395
3937	2200	372
28	2718	426
65	2718	540
147	2710	553
298	2676	577
464	2632	592
874	2611	598
1252	2592	584
1581	2573	574
1865	2556	563
2162	2552	557
2440	2538	513
2706	2533	502
2957	2528	475
3205	2523	468
3446	2517	449
3695	2511	466
3935	2505	483
40	2946	493
67	2946	593
148	2941	585
283	2913	607
457	2878	610
830	2858	623
1238	2842	613
1577	2829	607
1865	2815	584
2156	2809	570
2434	2799	525
2695	2793	508
2948	2788	496
3194	2779	484
3439	2779	499
3683	2770	466
3926	2765	485
62	3173	547
99	3173	653
156	3171	642
294	3149	648
451	3120	628
782	3102	651
1230	3085	644
1547	3073	629
1863	3061	614
2149	3054	592
2428	3047	556
2683	3040	525
2940	3039	512
3195	3039	478
3432	3034	470
3683	3030	480
3938	3017	447
133	3395	600
138	3395	625
175	3391	664
308	3380	674
442	3359	670
775	3333	647
1210	3321	643
1493	3307	632
1826	3299	626
2140	3298	609
2407	3291	587
2661	3287	541
2906	3284	528
3168	3286	498
3415	3281	486
3674	3272	486
3936	3258	480
177	3637	653
177	3637	652
198	3637	672
302	3632	672
432	3621	656
645	3598	650
994	3576	655
1439	3562	634
1770	3553	654
2065	3552	619
2343	3549	596
2607	3542	595
2867	3537	562
3123	3533	526
3383	3528	507
3633	3521	514
3896	3510	533
227	3884	690
227	3884	690
227	3885	689
292	3885	688
356	3886	685
471	3874	675
749	3854	687
1169	3835	644
1568	3822	678
1907	3817	652
2219	3812	621
2546	3803	608
2812	3796	598
3075	3790	599
3333	3783	611
3602	3776	571
3876	3765	566
265	4095	696
267	4095	696
272	4095	697
278	4095	700
278	4095	700
278	4095	700
488	4095	720
818	4095	685
1323	4085	701
1769	4074	686
2122	4068	646
2446	4063	621
2740	4058	633
3015	4050	651
3285	4043	643
3561	4034	639
3840	4023	633
173	118	763
573	105	793
999	58	785
1306	48	770
1478	39	745
1679	35	714
1889	39	677
2106	45	644
2337	50	621
2555	56	594
2769	70	546
3007	80	535
3214	89	524
3416	108	513
3645	129	502
3863	143	467
4095	160	327
139	498	804
422	362	820
768	327	808
1266	248	787
1359	242	759
1614	212	725
1835	192	686
2125	177	649
2353	167	618
2573	147	597
2776	140	570
3013	142	559
3212	144	548
3415	154	538
3643	161	502
3862	170	480
4095	180	404
107	879	797
285	857	802
484	596	789
907	529	774
1241	445	753
1548	388	725
1781	360	685
2062	320	642
2310	301	620
2549	259	593
2770	242	555
3006	220	546
3206	206	554
3411	199	547
3615	194	537
3845	197	494
4095	201	442
49	1122	776
190	1125	778
426	966	766
720	813	751
1089	719	732
1388	621	712
1643	556	681
1889	514	644
2146	476	611
2424	415	592
2663	499	574
2880	382	567
3117	446	556
3354	355	555
3588	343	541
3853	257	521
4095	242	463
21	1399	752
152	1392	753
337	1275	744
555	1131	731
973	1057	717
1297	982	700
1573	914	675
1828	861	647
2080	827	615
2352	798	594
2607	757	578
2838	715	570
3070	686	572
3296	650	559
3526	629	546
3819	559	524
4046	557	489
25	1619	701
101	1602	702
257	1558	712
490	1445	707
842	1363	701
1215	1310	685
1508	1251	672
1771	1202	649
2028	1168	621
2299	1144	600
2562	1116	590
2799	1089	587
3036	1067	576
3265	1032	562
3525	975	536
3775	949	509
4011	943	490
21	1812	627
84	1812	687
204	1788	693
424	1713	694
711	1641	680
1116	1594	672
1439	1550	662
1716	1511	646
1981	1481	627
2254	1462	612
2524	1447	599
2768	1423	612
3006	1402	581
3266	1361	550
3505	1357	533
3752	1340	516
3989	1341	503
22	2002	677
77	2002	673
152	1989	674
343	1929	676
636	1885	672
1028	1837	661
1369	1805	657
1657	1774	648
1935	1747	630
2215	1733	630
2491	1720	635
2755	1699	614
3003	1679	630
3239	1661	547
3477	1657	534
3728	1651	547
3969	1648	531
24	2238	664
72	2238	685
143	2232	681
319	2166	663
504	2099	680
937	2069	678
1314	2040	670
1615	2015	668
1902	1995	663
2188	1981	650
2469	1972	645
2732	1961	633
2983	1955	643
3227	1947	561
3463	1936	559
3712	1931	549
3950	1922	566
27	2478	672
71	2478	695
135	2462	702
297	2424	694
496	2382	712
919	2350	708
1285	2324	702
1592	2296	692
1877	2274	679
2163	2260	670
2455	2251	666
2714	2239	655
2962	2234	657
3209	2223	648
3450	2218	646
3694	2206	625
3936	2196	603
29	2703	727
72	2703	727
143	2696	723
295	2669	717
487	2630	732
866	2606	724
1256	2584	716
1575	2565	715
1862	2549	704
2148	2536	699
2431	2529	689
2700	2523	687
2946	2515	678
3192	2507	678
3434	2505	668
3679	2498	675
3926	2496	620
41	2934	755
77	2934	754
154	2928	739
292	2903	748
472	2872	751
839	2856	751
1227	2833	746
1567	2816	742
1857	2805	714
2141	2794	703
2422	2788	707
2685	2784	692
2941	2776	706
3186	2769	674
3429	2769	620
3671	2762	613
3920	2758	605
63	3164	785
113	3164	785
158	3159	752
298	3142	766
460	3118	764
788	3097	783
1195	3079	780
1545	3068	775
1850	3051	770
2138	3042	769
2416	3036	747
2677	3032	712
2930	3029	695
3178	3026	641
3424	3027	601
3686	3026	574
3942	3017	547
137	3388	766
149	3388	765
162	3385	764
303	3376	784
445	3355	776
783	3329	750
1187	3316	738
1493	3302	721
1841	3295	728
2130	3287	773
2405	3287	750
2661	3284	711
2912	3283	683
3176	3284	636
3421	3281	582
3662	3278	556
3922	3266	530
175	3632	747
175	3632	745
202	3633	742
290	3629	759
419	3619	793
656	3593	783
1011	3573	778
1441	3560	758
1765	3554	755
2072	3551	723
2352	3547	690
2603	3545	637
2859	3543	671
3111	3539	620
3370	3536	599
3649	3520	577
3910	3510	552
227	3883	739
227	3883	739
227	3883	737
288	3884	734
350	3883	729
492	3869	709
768	3857	749
1195	3839	730
1541	3826	713
1889	3822	707
2199	3818	645
2558	3804	635
2821	3797	660
3083	3791	626
3341	3785	615
3609	3777	597
3881	3767	593
269	4095	697
270	4095	697
275	4095	698
280	4095	701
280	4095	701
280	4095	701
481	4095	720
816	4095	684
1317	4088	704
1764	4077	691
2117	4071	653
2441	4067	623
2736	4061	643
3011	4054	664
3281	4046	661
3557	4038	637
3836	4027	644
215	160	987
445	172	1034
774	131	1025
1252	88	1007
1435	58	990
1652	49	965
1870	48	938
2090	52	909
2314	57	885
2538	65	862
2757	73	841
2975	83	825
3198	93	814
3415	109	802
3639	131	799
3845	141	763
4085	157	746
176	540	1046
370	401	1075
644	366	1061
1245	260	1047
1336	256	1015
1592	218	984
1821	198	951
2109	180	920
2337	170	894
2557	156	868
2769	150	845
2981	149	827
3197	149	814
3414	156	802
3637	166	799
3843	170	763
4085	171	745
138	850	1049
283	827	1063
475	602	1053
863	531	1039
1238	455	1015
1532	387	984
1771	373	948
2057	311	914
2300	297	887
2536	246	863
2762	227	841
2975	216	825
3192	204	813
3410	203	802
3604	200	797
3815	199	773
4082	191	744
51	1141	1030
196	1065	1037
434	990	1029
700	802	1015
1065	710	999
1373	619	977
1633	548	955
1885	501	916
2149	458	877
2419	425	854
2661	380	835
2880	356	823
3116	439	816
3352	315	808
3581	280	794
3847	251	772
4069	230	744
32	1377	1007
160	1322	1011
330	1268	1004
540	1125	993
950	1045	979
1292	968	961
1566	900	943
1829	843	920
2081	808	883
2346	781	854
2605	746	837
2837	709	826
3068	674	820
3296	643	808
3524	617	796
3811	583	771
4043	556	757
31	1598	979
103	1559	981
244	1539	982
496	1435	972
829	1353	957
1206	1301	950
1502	1237	933
1776	1185	915
2037	1150	893
2303	1125	862
2560	1110	842
2799	1083	835
3033	1055	831
3264	1025	822
3525	963	797
3768	952	779
4007	929	770
27	1796	938
89	1796	939
190	1766	941
451	1703	948
730	1624	946
1138	1576	940
1448	1531	925
1730	1489	912
1998	1463	894
2267	1448	872
2523	1437	853
2768	1415	850
3004	1394	830
3263	1351	817
3500	1335	806
3742	1321	797
3983	1328	791
27	1993	917
81	1993	916
149	1981	914
348	1917	915
649	1869	917
1049	1820	916
1396	1786	915
1680	1757	910
1958	1733	898
2229	1721	882
2495	1712	871
2755	1698	848
2997	1677	838
3239	1657	830
3477	1655	821
3722	1647	814
3962	1641	810
26	2227	909
76	2227	909
135	2221	907
312	2159	913
500	2094	910
950	2065	909
1316	2035	903
1625	2008	905
1912	1986	897
2194	1973	882
2465	1966	869
2732	1957	861
2975	1947	852
3220	1935	844
3458	1926	839
3704	1919	833
3946	1916	830
28	2469	923
74	2469	923
130	2455	937
291	2418	934
481	2378	930
920	2345	923
1286	2318	919
1590	2290	909
1875	2270	900
2164	2255	889
2453	2243	883
2712	2232	873
2957	2223	867
3203	2212	862
3441	2206	859
3688	2196	854
3930	2191	858
30	2698	946
77	2698	946
153	2690	944
270	2661	941
510	2625	939
870	2602	933
1253	2582	929
1577	2562	922
1862	2544	913
2149	2533	907
2427	2524	899
2698	2518	895
2947	2512	891
3192	2503	888
3430	2498	886
3674	2491	884
3916	2485	890
43	2929	958
80	2929	958
176	2922	956
293	2899	953
487	2871	950
844	2853	950
1232	2831	942
1569	2814	940
1857	2802	934
2140	2790	926
2421	2784	922
2681	2778	918
2940	2771	916
3187	2766	902
3423	2760	875
3661	2758	841
3913	2750	877
65	3162	977
102	3162	977
197	3156	977
292	3140	975
468	3115	972
796	3095	971
1195	3080	967
1549	3063	959
1854	3050	956
2142	3042	953
2418	3034	947
2678	3030	899
2929	3024	877
3179	3020	884
3418	3018	845
3671	3013	807
3933	3008	648
142	3386	961
138	3386	986
202	3383	985
308	3372	993
450	3350	951
792	3329	944
1171	3317	935
1488	3302	920
1845	3293	906
2129	3286	938
2395	3283	912
2659	3280	880
2909	3276	839
3157	3275	774
3414	3275	768
3680	3273	713
3902	3275	627
175	3628	944
175	3628	943
207	3628	941
321	3623	937
436	3613	929
671	3591	917
1031	3568	902
1428	3557	882
1762	3548	856
2056	3541	827
2345	3536	783
2618	3536	805
2877	3536	780
3133	3535	732
3350	3547	718
3670	3516	680
3932	3510	600
218	3876	837
218	3876	836
225	3876	833
282	3876	826
358	3875	815
505	3868	796
784	3847	766
1220	3829	816
1536	3817	781
1919	3814	761
2259	3813	668
2572	3804	749
2836	3799	721
3095	3793	710
3352	3787	700
3618	3779	668
3889	3770	620
273	4095	698
275	4095	698
279	4095	700
280	4095	704
280	4095	704
280	4095	704
468	4095	721
805	4095	689
1310	4092	705
1755	4081	697
2110	4075	662
2434	4071	626
2730	4066	657
3006	4059	703
3276	4052	680
3551	4044	632
3829	4033	668
283	202	1225
389	238	1275
496	204	1278
1173	94	1261
1388	78	1244
1618	63	1224
1842	57	1199
2069	63	1176
2294	67	1154
2523	70	1130
2744	78	1109
2965	87	1092
3192	98	1081
3410	113	1065
3632	132	1059
3837	143	1059
4077	154	1029
211	511	1257
303	447	1300
545	407	1329
1009	271	1307
1305	265	1280
1568	222	1251
1798	203	1221
2091	183	1194
2323	173	1167
2542	156	1140
2757	150	1115
2972	152	1095
3192	154	1081
3409	163	1065
3630	169	1059
3836	171	1060
4076	171	1029
139	821	1288
274	798	1311
467	610	1308
845	531	1290
1221	451	1268
1517	380	1242
1755	367	1210
2046	302	1183
2290	279	1159
2527	241	1134
2750	222	1110
2966	241	1092
3187	207	1079
3405	214	1064
3598	206	1057
3806	200	1063
4074	188	1028
75	1108	1292
216	1048	1304
414	987	1300
666	792	1286
1033	697	1270
1364	601	1246
1620	539	1214
1881	495	1181
2139	451	1148
2411	412	1119
2647	365	1101
2873	329	1085
3113	319	1076
3349	314	1064
3572	280	1063
3844	245	1030
4064	222	1010
47	1350	1270
181	1311	1277
314	1272	1272
532	1120	1261
930	1036	1249
1281	954	1230
1555	886	1214
1822	834	1194
2076	793	1156
2344	763	1122
2597	732	1099
2833	698	1086
3064	665	1078
3292	642	1072
3523	616	1051
3812	567	1032
4036	552	1013
42	1572	1247
137	1575	1251
232	1529	1246
526	1428	1238
820	1349	1229
1198	1284	1214
1495	1226	1201
1770	1174	1184
2038	1137	1168
2304	1112	1134
2558	1094	1106
2794	1072	1089
3031	1046	1083
3263	1011	1081
3525	961	1049
3768	943	1037
4004	923	1020
34	1782	1214
94	1782	1216
175	1755	1220
462	1688	1223
748	1615	1212
1133	1566	1202
1442	1522	1190
1726	1483	1178
2001	1454	1165
2275	1433	1148
2530	1422	1120
2766	1403	1098
3020	1373	1080
3263	1346	1067
3500	1330	1058
3742	1319	1047
3980	1322	1035
33	1982	1173
85	1981	1174
153	1966	1177
355	1900	1186
661	1846	1189
1069	1808	1194
1404	1771	1183
1690	1744	1176
1971	1723	1166
2247	1705	1155
2510	1697	1135
2757	1686	1103
2995	1673	1083
3240	1653	1074
3477	1648	1064
3721	1644	1058
3962	1635	1048
31	2214	1156
83	2214	1156
131	2207	1155
302	2154	1158
503	2088	1161
962	2053	1165
1348	2019	1170
1657	1991	1169
1943	1973	1165
2221	1960	1150
2484	1952	1130
2736	1946	1108
2974	1943	1090
3221	1930	1082
3458	1922	1077
3704	1917	1070
3946	1910	1062
33	2464	1164
80	2464	1163
128	2451	1173
294	2415	1170
479	2374	1164
921	2341	1156
1282	2312	1152
1603	2283	1153
1893	2259	1148
2180	2242	1140
2464	2232	1125
2714	2224	1110
2957	2220	1100
3203	2209	1095
3440	2201	1090
3689	2195	1084
3928	2184	1082
35	2693	1174
79	2693	1174
184	2686	1173
290	2657	1171
486	2623	1168
875	2599	1162
1257	2577	1156
1578	2558	1151
1863	2542	1144
2151	2531	1136
2427	2520	1126
2698	2514	1120
2946	2508	1115
3193	2501	1109
3429	2493	1108
3675	2486	1106
3917	2482	1107
47	2926	1180
81	2926	1180
156	2920	1179
295	2898	1176
467	2870	1174
821	2850	1171
1232	2829	1165
1569	2811	1160
1857	2799	1156
2144	2788	1148
2421	2781	1141
2684	2774	1135
2938	2768	1132
3186	2762	1130
3421	2755	1130
3662	2756	1073
3911	2746	1091
69	3159	1189
92	3158	1189
194	3153	1188
296	3136	1187
466	3112	1185
812	3092	1183
1210	3077	1180
1551	3060	1172
1857	3049	1170
2145	3039	1164
2418	3032	1158
2680	3028	1118
2930	3022	1100
3182	3021	1127
3418	3015	1090
3671	3010	1041
3925	3000	959
150	3381	1206
134	3381	1206
201	3378	1205
312	3365	1203
461	3350	1166
773	3326	1181
1172	3313	1154
1495	3297	1140
1846	3291	1166
2130	3284	1149
2401	3280	1127
2659	3278	1101
2912	3276	1067
3156	3274	1022
3408	3267	954
3666	3259	869
3932	3256	741
175	3622	1159
176	3622	1158
199	3622	1157
301	3620	1153
451	3609	1146
677	3588	1136
980	3572	1127
1440	3556	1107
1743	3548	1088
2057	3541	1061
2349	3535	1025
2618	3532	973
2876	3530	917
3129	3527	845
3383	3523	838
3654	3520	783
3923	3515	711
222	3874	1074
222	3875	1073
222	3875	1070
290	3875	1064
365	3874	1055
511	3866	1042
800	3843	1018
1188	3827	985
1570	3815	948
1949	3809	904
2212	3814	879
2538	3807	862
2817	3802	830
3087	3797	794
3349	3791	784
3616	3784	739
3901	3772	678
268	4095	791
270	4095	899
275	4095	900
280	4095	902
279	4095	900
279	4095	897
459	4095	900
788	4095	877
1320	4093	875
1774	4081	857
2136	4074	822
2471	4070	784
2758	4063	761
2999	4065	742
3267	4059	718
3543	4052	651
3820	4042	718
327	233	1462
377	257	1500
427	214	1525
983	160	1515
1340	101	1499
1585	84	1482
1822	76	1461
2043	76	1439
2278	77	1418
2510	84	1397
2732	86	1376
2954	94	1360
3184	104	1349
3405	120	1331
3625	143	1321
3830	148	1312
4073	157	1284
246	474	1495
299	480	1525
445	430	1543
882	311	1577
1268	281	1551
1546	237	1521
1783	208	1493
2066	192	1463
2304	175	1436
2530	166	1410
2746	158	1385
2962	156	1364
3184	157	1349
3404	164	1331
3623	169	1321
3829	175	1313
4072	172	1283
152	793	1528
288	788	1550
419	626	1560
781	556	1546
1196	460	1528
1507	390	1503
1745	357	1479
2024	308	1453
2277	273	1428
2522	243	1403
2740	227	1379
2957	240	1360
3179	210	1346
3401	209	1329
3588	211	1316
3850	201	1300
4069	192	1281
99	1073	1523
223	1061	1536
393	966	1542
619	800	1534
992	709	1518
1326	606	1493
1607	544	1469
1868	493	1438
2127	439	1411
2405	405	1388
2640	363	1369
2867	323	1351
3109	315	1340
3345	308	1325
3564	280	1320
3838	244	1288
4059	216	1270
82	1327	1526
196	1307	1535
310	1252	1536
524	1140	1530
887	1034	1516
1249	943	1501
1542	881	1485
1810	829	1454
2068	787	1421
2341	760	1387
2592	729	1364
2823	688	1347
3058	657	1338
3285	637	1329
3559	594	1307
3806	551	1289
4035	551	1276
56	1549	1510
138	1553	1514
220	1526	1512
507	1429	1506
799	1343	1495
1180	1281	1484
1483	1217	1468
1763	1167	1452
2030	1128	1434
2301	1105	1402
2556	1087	1373
2788	1063	1348
3024	1034	1338
3255	989	1334
3522	956	1310
3765	929	1295
4002	927	1279
47	1763	1489
105	1765	1492
194	1742	1490
443	1684	1484
735	1613	1479
1125	1561	1466
1438	1515	1455
1721	1479	1445
1995	1450	1430
2276	1428	1415
2531	1414	1390
2764	1387	1362
3015	1361	1333
3258	1338	1323
3497	1317	1311
3740	1313	1300
3978	1312	1281
39	1968	1449
89	1967	1450
157	1951	1454
361	1884	1463
651	1842	1465
1061	1803	1455
1400	1770	1447
1688	1739	1438
1966	1718	1427
2246	1701	1415
2516	1685	1406
2761	1673	1371
2993	1656	1341
3237	1647	1326
3474	1643	1317
3720	1638	1308
3959	1634	1293
38	2206	1411
85	2206	1412
127	2196	1416
309	2130	1426
535	2076	1433
963	2043	1442
1372	2008	1443
1665	1983	1436
1944	1965	1428
2230	1951	1416
2499	1939	1404
2747	1932	1379
2980	1931	1353
3217	1920	1330
3457	1917	1323
3703	1911	1316
3944	1906	1305
40	2457	1410
81	2457	1409
123	2448	1414
297	2412	1411
477	2367	1406
934	2334	1414
1320	2296	1421
1631	2264	1422
1922	2241	1422
2210	2225	1412
2488	2214	1399
2734	2207	1380
2967	2202	1359
3202	2201	1337
3439	2197	1332
3687	2188	1327
3927	2177	1324
42	2692	1401
83	2689	1411
125	2682	1410
292	2654	1408
462	2618	1404
861	2598	1400
1250	2575	1396
1581	2550	1392
1881	2532	1395
2174	2517	1392
2452	2509	1386
2713	2500	1373
2950	2497	1360
3191	2495	1346
3428	2489	1344
3675	2483	1340
3915	2477	1337
53	2922	1412
81	2922	1412
136	2917	1411
298	2895	1411
464	2866	1407
831	2846	1403
1232	2826	1398
1570	2807	1393
1856	2794	1386
2143	2785	1381
2420	2776	1374
2676	2769	1367
2935	2762	1362
3184	2758	1358
3423	2753	1361
3663	2751	1308
3911	2741	1319
83	3155	1415
83	3155	1415
151	3149	1415
301	3133	1414
480	3109	1412
822	3089	1409
1217	3074	1406
1553	3059	1402
1857	3044	1396
2147	3037	1391
2420	3028	1385
2676	3022	1381
2929	3019	1350
3174	3014	1351
3418	3011	1323
3672	3004	1276
3927	2995	1211
157	3376	1425
134	3376	1425
167	3373	1424
319	3364	1424
470	3347	1423
754	3322	1418
1180	3310	1382
1496	3296	1388
1845	3290	1389
2131	3283	1375
2404	3278	1358
2657	3272	1334
2909	3270	1304
3155	3268	1264
3411	3265	1212
3670	3259	1149
3931	3251	1064
185	3620	1386
185	3620	1386
206	3620	1384
309	3615	1381
460	3606	1375
685	3585	1368
1003	3565	1359
1440	3552	1344
1762	3543	1328
2058	3537	1305
2350	3533	1272
2619	3530	1232
2873	3525	1186
3129	3526	1128
3384	3522	1061
3650	3515	1021
3912	3505	959
226	3869	1321
226	3869	1321
227	3869	1318
299	3870	1313
370	3869	1305
522	3861	1291
784	3842	1269
1198	3824	1245
1603	3813	1216
1947	3807	1180
2211	3811	1091
2536	3801	1061
2815	3798	1031
3085	3793	992
3344	3784	941
3610	3775	885
3881	3768	924
271	4095	1101
272	4095	1101
276	4095	1101
281	4095	1100
281	4095	1097
281	4095	1090
449	4095	1079
825	4095	1064
1330	4093	1045
1778	4079	1017
2135	4070	982
2468	4064	943
2756	4059	902
3034	4051	969
3302	4047	934
3576	4044	876
3849	4038	823
372	265	1697
388	277	1728
404	265	1771
657	253	1764
1264	146	1749
1552	118	1733
1794	95	1717
2020	93	1696
2255	97	1675
2497	99	1654
2718	100	1636
2941	105	1618
3170	110	1603
3398	134	1591
3612	156	1575
3825	158	1566
4073	171	1541
290	462	1737
295	513	1763
418	454	1797
716	364	1834
1213	312	1806
1517	262	1776
1823	221	1750
2041	199	1721
2284	182	1695
2515	175	1669
2733	166	1647
2950	160	1624
3171	167	1603
3397	179	1591
3610	186	1574
3824	181	1565
4072	183	1540
217	750	1778
282	784	1798
401	607	1822
657	593	1808
1163	479	1787
1483	406	1764
1750	347	1742
2011	305	1716
2272	267	1690
2510	249	1663
2728	231	1641
2945	242	1619
3166	242	1600
3392	218	1588
3574	216	1566
3848	204	1556
4069	196	1539
144	1058	1750
229	1054	1763
314	945	1777
597	823	1770
913	715	1757
1296	627	1738
1596	550	1719
1862	488	1695
2119	437	1671
2398	399	1646
2632	361	1627
2860	325	1607
3100	317	1589
3333	302	1578
3551	286	1567
3835	245	1545
4059	220	1530
93	1299	1760
177	1295	1769
260	1232	1777
532	1160	1770
804	1040	1759
1219	959	1743
1514	892	1722
1797	834	1694
2057	797	1667
2329	765	1636
2587	725	1619
2817	690	1602
3050	645	1588
3276	642	1578
3556	580	1563
3805	555	1546
4035	551	1528
68	1532	1764
143	1536	1769
217	1534	1772
489	1429	1765
761	1342	1754
1167	1283	1744
1469	1214	1730
1754	1167	1715
2021	1131	1686
2292	1108	1654
2548	1086	1623
2785	1061	1601
3018	1031	1589
3279	968	1575
3521	939	1562
3764	921	1545
4003	919	1531
62	1754	1747
116	1756	1751
196	1748	1750
425	1692	1746
697	1613	1736
1088	1565	1726
1429	1517	1715
1715	1478	1703
1987	1446	1686
2268	1424	1673
2528	1412	1647
2763	1384	1616
3011	1357	1585
3254	1337	1573
3494	1330	1558
3738	1324	1544
3981	1316	1537
46	1960	1719
98	1960	1721
161	1947	1726
351	1886	1726
640	1843	1721
1034	1806	1712
1383	1772	1705
1683	1740	1694
1962	1716	1680
2239	1698	1668
2521	1680	1657
2764	1668	1633
2998	1650	1602
3232	1644	1570
3472	1643	1560
3718	1634	1546
3961	1635	1541
45	2194	1680
93	2194	1682
134	2182	1686
316	2121	1694
568	2068	1704
966	2039	1702
1348	2010	1696
1662	1984	1690
1939	1965	1680
2224	1948	1666
2494	1937	1656
2757	1926	1645
2987	1922	1616
3220	1914	1584
3454	1919	1563
3702	1913	1554
3945	1906	1548
47	2452	1652
89	2452	1651
130	2447	1655
309	2406	1661
488	2360	1670
906	2325	1680
1335	2287	1689
1650	2258	1686
1928	2235	1675
2210	2219	1665
2494	2207	1654
2745	2195	1645
2982	2191	1625
3212	2188	1597
3440	2195	1572
3687	2187	1561
3930	2182	1559
49	2688	1641
91	2685	1647
125	2682	1646
300	2654	1643
475	2620	1641
847	2597	1643
1280	2567	1650
1617	2542	1657
1912	2520	1661
2205	2505	1659
2480	2495	1653
2738	2489	1642
2972	2485	1625
3204	2482	1603
3432	2485	1583
3673	2482	1571
3919	2480	1571
59	2919	1644
85	2919	1644
130	2915	1643
301	2895	1642
475	2866	1640
824	2849	1636
1228	2825	1631
1570	2807	1626
1871	2790	1630
2171	2775	1634
2453	2766	1632
2708	2758	1628
2958	2753	1618
3193	2747	1603
3426	2752	1592
3663	2748	1543
3919	2742	1552
92	3153	1644
92	3153	1644
153	3148	1643
315	3132	1642
478	3111	1640
796	3089	1638
1213	3074	1634
1558	3057	1631
1861	3044	1625
2145	3034	1618
2421	3027	1612
2682	3023	1612
2928	3016	1600
3175	3011	1576
3418	3010	1551
3673	3002	1515
3931	2995	1468
167	3376	1651
145	3376	1650
176	3373	1650
327	3363	1648
478	3343	1645
741	3327	1643
1155	3311	1642
1500	3296	1636
1851	3288	1615
2131	3282	1604
2404	3278	1588
2657	3273	1568
2908	3269	1539
3152	3266	1508
3410	3261	1467
3670	3255	1417
3931	3246	1353
197	3615	1617
197	3615	1617
224	3615	1615
317	3611	1612
465	3604	1609
686	3584	1603
986	3565	1593
1441	3554	1583
1761	3543	1566
2056	3536	1544
2341	3531	1517
2616	3525	1483
2873	3524	1449
3126	3520	1403
3382	3518	1355
3647	3508	1326
3910	3499	1280
237	3866	1560
237	3866	1559
237	3866	1557
307	3867	1553
377	3867	1546
528	3856	1535
799	3842	1522
1209	3824	1502
1608	3813	1478
1946	3805	1449
2219	3805	1378
2536	3799	1360
2811	3792	1335
3081	3786	1305
3345	3781	1269
3615	3775	1223
3878	3765	1170
278	4095	1396
279	4095	1397
283	4095	1397
287	4095	1397
290	4095	1392
377	4095	1386
464	4095	1376
827	4095	1363
1321	4090	1345
1772	4078	1327
2135	4068	1303
2466	4061	1272
2756	4054	1234
3037	4051	1195
3302	4045	1151
3573	4039	1100
3839	4029	1039
374	292	1932
377	320	1959
381	301	2019
591	283	2014
1199	187	2000
1470	152	1987
1745	119	1969
1989	116	1949
2239	116	1930
2469	115	1909
2704	113	1890
2927	118	1872
3160	126	1859
3383	151	1836
3597	170	1820
3842	172	1805
4062	179	1785
294	450	2023
303	490	2051
391	424	2056
606	375	2095
1152	347	2056
1503	282	2031
1766	236	2003
2014	215	1977
2255	198	1951
2492	189	1926
2720	181	1905
2937	176	1880
3160	177	1859
3382	194	1835
3596	201	1820
3841	190	1805
4061	189	1784
220	708	2033
275	676	2053
382	643	2094
591	626	2077
1105	506	2055
1442	411	2032
1724	353	2004
2002	314	1977
2181	279	1950
2491	262	1922
2715	239	1898
2932	256	1874
3156	247	1855
3378	238	1832
3557	232	1807
3838	209	1802
4058	198	1783
168	1033	2007
236	1027	2021
292	927	2046
576	877	2037
860	749	2020
1280	622	2000
1584	591	1979
1842	490	1953
2106	445	1929
2378	403	1901
2621	360	1880
2850	335	1858
3092	330	1839
3321	312	1820
3533	295	1805
3826	248	1794
4048	300	1775
136	1295	1984
194	1300	1992
253	1266	2007
510	1176	2000
767	1105	1989
1172	976	1973
1499	908	1956
1779	846	1934
2047	807	1914
2317	765	1889
2575	727	1871
2809	688	1852
3041	655	1836
3268	651	1820
3548	566	1807
3794	560	1792
4025	554	1776
104	1528	1999
159	1533	2004
214	1533	2012
455	1475	2009
697	1361	2003
1114	1294	1990
1454	1230	1974
1734	1179	1952
2000	1142	1922
2276	1113	1890
2534	1086	1859
2774	1056	1842
3009	1040	1832
3272	965	1820
3509	961	1801
3757	935	1790
3992	933	1773
86	1741	2002
124	1744	2006
206	1744	2011
401	1693	2006
652	1624	1996
1069	1566	1987
1420	1514	1974
1706	1477	1962
1979	1446	1944
2253	1423	1917
2514	1412	1885
2753	1385	1856
3006	1359	1832
3247	1339	1816
3484	1337	1797
3734	1331	1788
3972	1310	1773
64	1948	1984
108	1950	1987
165	1946	1990
365	1890	1985
607	1839	1975
1011	1807	1970
1367	1772	1961
1676	1738	1950
1955	1717	1937
2235	1698	1923
2514	1677	1911
2758	1665	1884
2991	1643	1849
3227	1651	1810
3463	1641	1795
3717	1638	1789
3954	1633	1777
57	2183	1950
101	2182	1951
148	2172	1956
328	2114	1963
541	2066	1962
965	2037	1957
1349	2007	1949
1653	1984	1945
1933	1965	1933
2217	1947	1919
2491	1934	1905
2749	1922	1894
2987	1916	1871
3219	1908	1833
3446	1918	1798
3698	1914	1789
3937	1904	1780
57	2445	1915
97	2445	1917
141	2440	1920
321	2399	1927
502	2351	1936
935	2314	1949
1341	2284	1945
1643	2257	1936
1922	2236	1925
2204	2216	1912
2486	2202	1901
2741	2192	1892
2983	2182	1882
3216	2182	1854
3441	2182	1820
3680	2186	1789
3924	2177	1783
58	2686	1883
99	2683	1886
134	2683	1885
314	2655	1886
494	2614	1895
873	2588	1906
1313	2558	1918
1639	2534	1932
1924	2515	1922
2207	2501	1910
2477	2490	1900
2737	2482	1891
2979	2474	1883
3216	2472	1866
3441	2474	1836
3677	2479	1806
3913	2476	1791
65	2918	1879
101	2918	1879
138	2917	1878
320	2895	1876
487	2868	1874
854	2845	1869
1240	2825	1875
1593	2799	1887
1908	2780	1897
2203	2763	1899
2480	2750	1898
2734	2743	1895
2979	2738	1882
3212	2736	1865
3438	2737	1844
3671	2742	1816
3914	2739	1773
97	3154	1876
128	3154	1876
160	3150	1876
325	3134	1875
491	3111	1873
838	3088	1868
1221	3075	1866
1556	3058	1860
1868	3043	1859
2169	3028	1865
2451	3017	1868
2710	3009	1870
2955	3003	1859
3200	3002	1836
3431	3000	1798
3675	3000	1754
3930	2994	1714
179	3378	1877
153	3378	1876
182	3374	1876
334	3364	1875
486	3346	1873
759	3326	1871
1182	3310	1867
1525	3298	1853
1845	3291	1844
2130	3284	1832
2399	3277	1814
2654	3273	1795
2905	3269	1774
3151	3266	1747
3407	3262	1715
3670	3256	1677
3935	3248	1629
209	3619	1849
215	3619	1848
241	3619	1847
326	3617	1845
458	3605	1840
680	3587	1835
968	3569	1827
1398	3557	1814
1756	3544	1797
2051	3538	1780
2341	3532	1758
2613	3526	1731
2869	3522	1701
3125	3522	1670
3379	3515	1633
3648	3507	1607
3915	3502	1582
253	3868	1796
253	3868	1795
254	3868	1793
318	3869	1790
382	3869	1785
514	3861	1777
780	3843	1765
1166	3826	1750
1572	3815	1730
1939	3805	1706
2227	3803	1656
2537	3797	1638
2812	3791	1620
3080	3785	1596
3342	3778	1570
3611	3771	1531
3879	3763	1493
281	4095	1671
284	4095	1671
293	4095	1672
302	4095	1673
307	4095	1667
390	4095	1661
474	4095	1655
842	4095	1645
1335	4086	1631
1766	4076	1614
2138	4065	1597
2466	4060	1573
2758	4055	1545
3031	4044	1510
3299	4040	1476
3569	4033	1433
3841	4028	1385
375	319	2180
388	356	2207
402	355	2282
570	347	2284
1042	286	2269
1435	193	2256
1712	154	2240
1955	147	2219
2212	145	2198
2451	131	2176
2688	131	2156
2912	136	2133
3146	146	2117
3375	165	2093
3579	181	2072
3828	186	2056
4054	189	2036
298	441	2269
312	466	2296
382	444	2371
585	437	2356
1072	402	2330
1404	310	2305
1719	241	2280
1968	234	2251
2227	220	2224
2471	199	2197
2702	196	2173
2922	192	2143
3147	196	2118
3374	207	2092
3578	210	2071
3827	200	2056
4054	196	2036
240	606	2310
281	733	2331
374	679	2380
575	599	2371
1011	519	2349
1373	428	2320
1699	359	2293
1901	322	2259
2162	295	2228
2418	268	2196
2699	246	2167
2918	270	2137
3144	253	2113
3368	249	2088
3539	240	2055
3824	214	2053
4051	202	2033
209	1011	2281
243	999	2296
277	915	2338
566	827	2327
855	724	2308
1251	635	2286
1557	632	2258
1834	540	2230
2096	503	2199
2365	464	2169
2609	363	2143
2842	348	2114
3080	343	2092
3308	323	2070
3516	405	2054
3812	323	2047
4042	379	2028
175	1258	2252
211	1269	2262
247	1248	2288
496	1156	2280
744	1107	2268
1143	969	2250
1480	904	2229
1761	853	2207
2030	804	2178
2307	766	2155
2565	723	2131
2799	688	2108
3029	665	2087
3264	660	2069
3543	570	2062
3779	563	2047
4018	556	2028
152	1525	2236
172	1527	2243
218	1533	2257
426	1486	2252
678	1382	2243
1084	1310	2230
1409	1239	2210
1698	1182	2187
1986	1152	2161
2263	1116	2140
2527	1088	2118
2767	1060	2100
3000	1039	2081
3264	972	2072
3501	970	2056
3744	946	2040
3985	933	2023
108	1734	2252
133	1736	2257
217	1738	2264
378	1697	2263
717	1625	2259
1057	1568	2251
1392	1518	2240
1685	1484	2219
1957	1454	2191
2236	1433	2160
2502	1416	2128
2742	1393	2093
3001	1351	2084
3241	1334	2067
3479	1337	2051
3723	1329	2033
3967	1313	2023
89	1940	2252
123	1942	2256
169	1941	2260
346	1890	2260
587	1841	2255
1001	1805	2246
1344	1774	2237
1663	1739	2222
1945	1715	2207
2224	1696	2189
2503	1679	2170
2749	1659	2134
2982	1645	2094
3222	1649	2062
3458	1648	2047
3706	1635	2032
3947	1632	2022
68	2173	2231
112	2172	2233
156	2170	2238
340	2118	2243
537	2065	2236
931	2039	2230
1326	2012	2226
1640	1985	2215
1925	1964	2201
2210	1946	2186
2486	1934	2173
2744	1920	2157
2982	1915	2130
3215	1912	2089
3442	1914	2047
3686	1910	2029
3928	1901	2022
67	2437	2200
110	2436	2201
152	2436	2201
334	2395	2207
516	2345	2218
914	2317	2221
1329	2286	2214
1630	2255	2201
1915	2234	2192
2201	2215	2177
2481	2202	2166
2736	2190	2153
2976	2177	2138
3215	2173	2116
3442	2174	2076
3677	2179	2037
3916	2176	2023
69	2681	2148
114	2679	2150
158	2678	2155
327	2646	2162
495	2606	2172
899	2581	2189
1302	2552	2201
1632	2529	2193
1920	2514	2185
2202	2501	2173
2472	2489	2160
2732	2479	2148
2975	2471	2138
3218	2464	2129
3446	2464	2101
3677	2467	2062
3907	2473	2027
76	2918	2128
122	2918	2127
168	2918	2127
329	2895	2123
526	2863	2124
847	2838	2137
1251	2816	2154
1606	2789	2170
1926	2769	2178
2210	2757	2166
2482	2749	2158
2726	2740	2147
2977	2733	2139
3220	2729	2132
3452	2725	2116
3679	2728	2075
3916	2730	2023
106	3155	2121
140	3155	2121
178	3153	2121
331	3136	2118
483	3110	2115
795	3089	2109
1205	3072	2105
1577	3051	2117
1904	3032	2131
2206	3017	2143
2489	3005	2151
2737	2995	2148
2981	2993	2137
3222	2988	2116
3452	2987	2080
3692	2985	2031
3934	2983	1975
194	3377	2117
194	3377	2117
209	3374	2116
341	3363	2115
472	3343	2112
737	3324	2109
1194	3311	2106
1550	3300	2088
1839	3291	2079
2130	3282	2076
2411	3270	2076
2683	3265	2073
2936	3258	2058
3179	3253	2034
3429	3250	2000
3681	3248	1954
3929	3241	1891
232	3622	2090
232	3622	2090
265	3622	2089
331	3620	2086
440	3611	2083
679	3590	2075
1003	3569	2064
1413	3558	2057
1752	3547	2042
2046	3540	2026
2334	3533	2006
2609	3528	1984
2865	3524	1958
3118	3519	1927
3374	3515	1901
3639	3505	1879
3905	3493	1851
275	3872	2043
271	3872	2042
297	3872	2041
321	3872	2038
379	3873	2033
496	3866	2026
760	3846	2014
1141	3828	2000
1560	3819	1986
1865	3818	1942
2217	3806	1925
2537	3797	1908
2809	3791	1891
3076	3783	1867
3334	3774	1841
3606	3769	1816
3875	3759	1780
301	4095	1943
303	4095	1943
307	4095	1944
321	4095	1948
329	4095	1939
396	4095	1935
470	4095	1927
830	4095	1917
1315	4091	1903
1769	4079	1890
2140	4069	1873
2462	4058	1851
2752	4050	1825
3026	4044	1798
3292	4038	1767
3568	4033	1735
3839	4025	1696
376	387	2444
399	392	2466
422	392	2545
550	391	2553
904	328	2542
1349	253	2528
1676	189	2515
1930	178	2496
2184	174	2478
2430	154	2456
2671	148	2438
2897	153	2419
3130	168	2402
3362	186	2380
3566	193	2351
3818	206	2338
4042	204	2315
334	432	2518
354	446	2540
392	459	2616
596	448	2616
992	429	2594
1327	348	2573
1643	282	2553
1943	254	2528
2197	243	2503
2446	219	2477
2684	214	2455
2906	209	2429
3131	212	2402
3361	218	2379
3565	218	2350
3817	208	2337
4042	207	2314
293	572	2579
313	704	2597
365	703	2650
551	613	2644
918	530	2629
1305	445	2603
1610	380	2575
1877	422	2544
2140	402	2512
2397	373	2480
2683	356	2451
2902	337	2423
3129	252	2397
3315	250	2352
3520	244	2325
3814	226	2333
4039	212	2311
260	1006	2554
261	951	2568
291	947	2617
507	893	2609
722	735	2589
1220	670	2565
1536	645	2539
1811	590	2511
2082	562	2481
2348	526	2449
2598	498	2423
2827	465	2397
3068	410	2373
3295	333	2348
3573	410	2349
3801	399	2327
4031	389	2307
190	1269	2530
236	1278	2540
254	1235	2572
453	1198	2565
690	1112	2549
1115	989	2530
1425	917	2508
1746	850	2486
2019	813	2462
2292	767	2434
2550	733	2411
2790	702	2390
3019	674	2366
3246	639	2342
3538	576	2342
3771	572	2323
4006	566	2304
163	1516	2504
206	1521	2511
249	1524	2530
403	1503	2525
658	1404	2513
1010	1333	2498
1404	1253	2481
1685	1194	2461
1962	1150	2439
2250	1121	2418
2517	1095	2397
2759	1068	2378
2990	1058	2358
3257	973	2354
3495	950	2334
3739	949	2316
3979	942	2298
139	1734	2494
147	1736	2499
239	1740	2509
357	1716	2507
601	1659	2499
965	1593	2490
1343	1541	2477
1653	1498	2458
1937	1469	2435
2218	1445	2407
2487	1421	2385
2753	1381	2382
2995	1364	2366
3234	1340	2345
3472	1336	2326
3718	1332	2309
3959	1318	2294
106	1938	2508
130	1940	2512
229	1940	2516
327	1914	2514
544	1866	2514
919	1817	2512
1317	1779	2505
1641	1746	2493
1925	1719	2471
2209	1699	2452
2485	1688	2424
2736	1665	2393
2975	1660	2362
3215	1655	2336
3453	1643	2319
3698	1637	2303
3940	1632	2291
83	2168	2505
122	2167	2506
190	2165	2510
320	2132	2511
533	2095	2517
906	2043	2509
1285	2015	2505
1621	1989	2496
1909	1964	2481
2201	1947	2468
2471	1934	2453
2738	1926	2435
2972	1913	2397
3208	1915	2357
3437	1918	2314
3681	1910	2300
3926	1905	2289
79	2432	2489
118	2432	2490
178	2433	2485
326	2401	2491
506	2353	2503
892	2323	2499
1279	2291	2492
1615	2261	2482
1903	2234	2469
2191	2217	2457
2475	2203	2445
2732	2191	2432
2973	2178	2419
3212	2175	2394
3436	2176	2353
3672	2180	2309
3912	2178	2287
81	2676	2445
124	2675	2443
167	2674	2448
332	2645	2454
497	2605	2466
880	2580	2482
1247	2558	2479
1624	2533	2471
1904	2517	2462
2194	2499	2448
2467	2491	2438
2729	2481	2426
2971	2472	2415
3213	2465	2405
3445	2461	2386
3678	2465	2343
3906	2471	2301
89	2916	2398
132	2916	2399
176	2915	2404
331	2892	2410
488	2862	2420
857	2835	2436
1251	2811	2451
1619	2788	2462
1918	2771	2452
2207	2757	2441
2476	2748	2431
2724	2743	2423
2978	2738	2416
3217	2730	2405
3453	2725	2397
3688	2722	2366
3927	2723	2311
119	3153	2388
152	3153	2388
185	3152	2388
330	3137	2385
475	3112	2381
816	3090	2389
1229	3067	2402
1586	3047	2419
1932	3025	2434
2227	3009	2437
2493	3004	2430
2740	3000	2426
2977	2993	2409
3221	2988	2395
3459	2980	2377
3708	2973	2345
3950	2973	2283
209	3378	2382
209	3378	2382
216	3376	2382
335	3365	2380
462	3346	2378
756	3326	2375
1205	3317	2367
1548	3304	2361
1868	3289	2376
2166	3272	2381
2449	3262	2389
2714	3256	2391
2964	3248	2383
3205	3242	2361
3453	3235	2326
3701	3230	2275
3950	3226	2211
254	3621	2360
249	3621	2360
272	3621	2359
349	3621	2357
426	3614	2354
658	3593	2347
971	3573	2339
1389	3561	2327
1742	3548	2313
2038	3542	2299
2333	3534	2284
2622	3524	2281
2890	3516	2271
3146	3508	2248
3400	3497	2225
3662	3488	2194
3918	3483	2155
289	3874	2318
289	3876	2319
307	3876	2317
325	3876	2315
377	3877	2310
468	3872	2304
759	3853	2292
1103	3830	2278
1569	3820	2261
1884	3818	2228
2212	3808	2212
2532	3799	2191
2806	3791	2172
3071	3782	2149
3333	3774	2125
3600	3765	2098
3871	3758	2069
325	4095	2232
325	4095	2232
327	4095	2233
329	4095	2236
361	4095	2225
393	4095	2220
459	4095	2214
816	4095	2202
1309	4092	2188
1754	4081	2173
2134	4070	2155
2458	4060	2133
2742	4051	2110
3025	4046	2087
3291	4040	2058
3560	4032	2028
3831	4023	1993
474	405	2694
466	421	2712
489	429	2779
563	438	2806
829	432	2798
1270	309	2787
1611	246	2772
1900	220	2757
2161	207	2740
2394	181	2720
2649	171	2701
2881	179	2685
3119	192	2669
3343	209	2641
3549	218	2614
3808	225	2606
4028	219	2580
387	443	2756
396	558	2774
402	474	2842
569	477	2863
791	460	2848
1262	385	2828
1580	324	2807
1909	290	2787
2172	269	2765
2416	248	2740
2663	236	2719
2890	230	2696
3119	225	2668
3341	230	2640
3548	232	2613
3807	242	2605
4027	249	2579
324	538	2832
346	694	2849
382	727	2900
523	632	2909
752	541	2895
1255	461	2867
1549	401	2839
1849	450	2810
2126	422	2779
2374	397	2746
2663	375	2716
2886	365	2689
3117	258	2662
3294	252	2612
3501	256	2586
3805	264	2602
4025	273	2576
297	965	2811
303	929	2824
306	979	2869
482	909	2876
654	806	2855
1159	704	2828
1474	663	2803
1789	610	2777
2079	576	2744
2332	546	2713
2577	515	2685
2816	500	2659
3060	477	2634
3267	392	2608
3559	419	2618
3793	410	2597
4017	394	2573
257	1234	2786
260	1237	2795
300	1236	2829
444	1211	2830
649	1121	2814
1071	1011	2795
1421	925	2775
1722	861	2750
1996	820	2724
2275	778	2698
2536	745	2672
2774	718	2649
3004	696	2626
3284	622	2634
3528	582	2611
3760	581	2590
3994	570	2570
204	1499	2764
207	1502	2771
280	1518	2794
380	1513	2790
632	1425	2775
984	1324	2761
1326	1254	2745
1669	1205	2727
1944	1161	2704
2233	1137	2682
2503	1102	2659
2747	1070	2637
2978	1030	2616
3253	972	2624
3487	971	2603
3732	965	2586
3969	943	2565
168	1726	2743
169	1728	2748
258	1733	2761
347	1731	2756
616	1675	2743
935	1610	2733
1295	1539	2718
1627	1509	2703
1921	1481	2686
2200	1451	2665
2478	1421	2644
2745	1380	2646
2987	1365	2631
3231	1343	2615
3463	1345	2592
3713	1337	2576
3949	1318	2558
140	1938	2737
146	1941	2741
235	1943	2746
324	1940	2743
587	1875	2738
887	1830	2735
1263	1793	2725
1602	1758	2712
1897	1734	2694
2185	1713	2681
2468	1696	2656
2724	1668	2634
2966	1662	2618
3212	1662	2604
3445	1653	2582
3692	1644	2568
3931	1635	2554
121	2163	2749
134	2163	2751
216	2161	2753
316	2142	2751
539	2090	2752
848	2051	2759
1251	2020	2758
1595	1990	2754
1893	1967	2742
2186	1952	2723
2464	1941	2698
2721	1932	2670
2956	1927	2637
3197	1927	2601
3429	1921	2576
3676	1915	2564
3919	1906	2550
108	2432	2751
142	2431	2752
202	2433	2743
345	2417	2749
489	2363	2756
887	2323	2765
1239	2292	2758
1601	2260	2748
1892	2239	2737
2184	2218	2724
2468	2202	2710
2724	2188	2695
2963	2179	2679
3201	2185	2645
3426	2180	2600
3664	2187	2562
3904	2182	2546
117	2671	2721
152	2671	2714
188	2669	2719
325	2647	2726
482	2607	2736
873	2579	2749
1275	2556	2744
1582	2538	2736
1895	2515	2723
2188	2499	2712
2461	2490	2701
2722	2481	2689
2967	2474	2679
3210	2468	2668
3439	2462	2643
3673	2469	2603
3903	2475	2562
119	2913	2676
158	2912	2677
197	2911	2682
336	2891	2689
474	2861	2698
836	2832	2713
1244	2808	2730
1589	2789	2723
1915	2773	2715
2201	2761	2706
2472	2752	2694
2728	2744	2685
2972	2738	2675
3214	2733	2666
3444	2727	2654
3692	2721	2638
3926	2719	2584
131	3154	2645
170	3154	2645
211	3154	2645
331	3139	2646
468	3109	2656
798	3086	2667
1213	3063	2685
1593	3043	2702
1940	3023	2708
2219	3012	2698
2493	3006	2690
2731	2999	2678
2974	2994	2668
3212	2989	2656
3453	2980	2642
3708	2971	2625
3954	2961	2582
220	3380	2637
220	3380	2637
224	3380	2637
330	3368	2634
452	3350	2630
744	3331	2623
1181	3315	2632
1570	3299	2646
1884	3282	2661
2197	3267	2676
2466	3257	2677
2712	3251	2663
2958	3248	2650
3203	3242	2634
3449	3234	2613
3709	3224	2587
3965	3212	2544
272	3626	2618
266	3626	2618
280	3626	2617
328	3626	2615
402	3619	2612
636	3597	2606
939	3578	2599
1361	3565	2591
1719	3554	2579
2051	3538	2588
2360	3526	2597
2650	3515	2601
2916	3504	2599
3174	3494	2587
3430	3482	2569
3692	3475	2546
3941	3467	2505
314	3873	2585
313	3875	2586
318	3878	2587
336	3878	2585
384	3878	2581
446	3874	2576
711	3857	2567
1092	3837	2554
1530	3825	2541
1852	3819	2517
2206	3808	2503
2527	3797	2483
2816	3784	2486
3097	3775	2485
3361	3760	2470
3631	3752	2451
3893	3743	2420
346	4095	2522
347	4095	2523
350	4095	2524
352	4095	2528
375	4095	2515
393	4095	2511
449	4095	2506
823	4095	2497
1210	4095	2486
1741	4081	2472
2113	4069	2455
2447	4056	2435
2742	4054	2419
3017	4045	2397
3283	4038	2375
3552	4030	2345
3824	4022	2312
562	449	2938
533	462	2955
555	473	3015
576	485	3059
678	460	3053
1113	396	3041
1477	311	3027
1866	252	3010
2130	233	2994
2369	212	2977
2629	195	2958
2862	207	2943
3111	217	2922
3333	231	2898
3538	243	2868
3798	252	2861
4022	250	2840
485	474	2995
472	490	3012
473	501	3071
542	505	3112
663	492	3099
1217	459	3081
1536	375	3061
1875	305	3040
2152	294	3018
2396	277	2998
2644	258	2976
2871	255	2953
3110	257	2921
3332	255	2896
3537	256	2866
3797	277	2860
4021	291	2840
449	565	3084
433	699	3100
424	721	3153
481	650	3172
645	563	3158
1081	522	3132
1488	532	3101
1824	470	3070
2104	444	3038
2354	423	3007
2640	399	2974
2867	389	2946
3108	300	2915
3277	297	2860
3571	269	2882
3795	301	2857
4019	333	2837
387	898	3065
381	908	3077
359	942	3121
457	891	3140
628	849	3115
1030	718	3088
1441	690	3059
1772	634	3029
2056	594	2999
2311	568	2968
2556	540	2938
2794	522	2910
3039	504	2880
3259	450	2855
3553	433	2877
3783	426	2853
4013	416	2835
280	1208	3042
306	1214	3051
332	1233	3084
432	1235	3094
608	1172	3075
953	1052	3056
1367	940	3031
1681	877	3006
1975	833	2979
2259	793	2953
2523	761	2926
2765	739	2901
2989	708	2873
3282	604	2892
3519	598	2869
3752	592	2846
3988	584	2829
250	1481	3019
277	1486	3026
304	1499	3052
359	1508	3053
605	1435	3038
903	1351	3023
1256	1250	3002
1624	1198	2984
1922	1170	2958
2222	1143	2936
2493	1108	2911
2737	1081	2887
3007	1035	2900
3247	988	2881
3483	984	2861
3724	960	2839
3966	954	2823
180	1709	2998
181	1711	3003
259	1719	3021
337	1717	3016
602	1674	3002
866	1615	2989
1239	1563	2977
1613	1514	2958
1908	1480	2938
2193	1452	2917
2467	1427	2896
2739	1384	2906
2982	1360	2888
3225	1357	2869
3461	1355	2851
3704	1342	2830
3945	1327	2816
153	1928	2978
153	1930	2982
237	1934	2988
320	1936	2979
588	1889	2971
878	1848	2962
1260	1803	2950
1585	1770	2935
1873	1744	2936
2173	1720	2921
2460	1705	2907
2719	1676	2891
2962	1668	2874
3206	1664	2856
3443	1660	2840
3686	1647	2823
3928	1640	2809
140	2162	2974
146	2163	2976
229	2162	2977
311	2162	2974
550	2118	2979
844	2082	2980
1229	2036	2977
1553	2004	2969
1859	1981	2957
2155	1965	2940
2433	1953	2918
2704	1942	2890
2944	1938	2859
3190	1930	2844
3427	1923	2829
3672	1916	2816
3915	1908	2804
136	2425	2994
154	2425	2994
217	2428	2982
302	2423	2987
511	2374	2992
811	2336	2998
1198	2300	3001
1571	2266	3000
1874	2240	2992
2173	2218	2979
2448	2205	2960
2712	2196	2934
2950	2192	2907
3190	2191	2873
3419	2193	2834
3659	2189	2808
3900	2185	2797
139	2666	2977
172	2666	2967
205	2665	2971
318	2652	2977
473	2613	2986
810	2587	2998
1231	2559	3003
1554	2535	2992
1888	2515	2983
2175	2502	2970
2455	2489	2958
2711	2481	2947
2962	2473	2935
3203	2466	2919
3431	2470	2883
3666	2473	2842
3885	2484	2800
142	2905	2939
178	2904	2940
213	2903	2944
334	2887	2952
454	2860	2961
820	2832	2975
1224	2809	2990
1581	2788	2981
1907	2770	2971
2193	2759	2960
2465	2751	2951
2715	2742	2939
2964	2735	2928
3210	2730	2918
3445	2728	2909
3686	2717	2885
3927	2717	2841
152	3150	2903
188	3150	2905
224	3148	2909
338	3132	2916
468	3105	2925
781	3082	2939
1191	3060	2956
1598	3039	2972
1924	3024	2963
2220	3010	2951
2483	3005	2944
2727	2998	2932
2967	2992	2922
3212	2987	2912
3451	2981	2904
3705	2967	2888
3958	2956	2865
243	3380	2882
243	3380	2882
243	3380	2881
337	3370	2880
442	3356	2878
731	3331	2893
1158	3312	2906
1545	3293	2922
1911	3274	2939
2199	3264	2946
2458	3256	2935
2704	3253	2926
2952	3246	2913
3193	3241	2901
3446	3233	2884
3704	3222	2864
3968	3210	2855
289	3627	2867
288	3627	2866
293	3627	2866
335	3627	2865
415	3623	2862
603	3603	2859
895	3582	2854
1340	3567	2852
1746	3548	2868
2076	3531	2883
2385	3517	2899
2667	3504	2903
2920	3501	2890
3170	3491	2871
3429	3484	2856
3690	3471	2835
3953	3463	2817
328	3870	2838
329	3872	2839
329	3877	2842
348	3878	2841
391	3878	2839
455	3876	2834
683	3859	2828
1070	3840	2821
1408	3838	2804
1825	3824	2792
2206	3805	2790
2545	3789	2804
2850	3773	2811
3127	3757	2813
3397	3748	2811
3665	3738	2793
3926	3731	2766
370	4095	2801
370	4095	2802
370	4095	2804
372	4095	2808
381	4095	2792
393	4095	2790
428	4095	2785
800	4095	2776
1174	4095	2764
1726	4082	2750
2104	4069	2735
2436	4061	2721
2735	4051	2701
3030	4042	2703
3309	4031	2701
3587	4019	2688
3855	4008	2665
572	493	3182
553	503	3197
574	507	3249
594	515	3304
670	488	3299
1060	421	3291
1449	355	3277
1834	293	3262
2114	264	3246
2356	253	3229
2603	233	3213
2854	234	3195
3095	247	3179
3313	269	3147
3565	280	3140
3787	285	3114
4010	279	3089
502	506	3231
491	506	3245
494	527	3297
518	548	3352
658	561	3343
1041	526	3327
1444	376	3310
1843	327	3289
2120	324	3271
2375	312	3250
2616	295	3231
2857	289	3204
3094	289	3177
3312	297	3145
3565	287	3139
3786	305	3113
4009	318	3088
482	583	3327
455	709	3341
466	725	3390
470	668	3427
720	659	3412
971	583	3384
1394	547	3355
1793	492	3323
2076	472	3293
2332	449	3260
2617	429	3229
2856	411	3197
3093	332	3171
3254	325	3104
3561	294	3135
3784	326	3110
4007	357	3086
410	876	3311
397	890	3322
412	923	3362
440	873	3393
670	865	3364
901	731	3338
1327	719	3309
1743	657	3279
2031	619	3248
2288	586	3216
2541	563	3186
2790	533	3156
3018	513	3127
3225	475	3099
3543	453	3131
3774	446	3108
4002	436	3085
326	1201	3291
335	1212	3300
358	1247	3331
425	1258	3350
604	1218	3325
834	1060	3306
1225	949	3282
1659	893	3257
1948	853	3231
2235	800	3200
2508	770	3175
2750	761	3144
2974	744	3116
3268	626	3147
3506	612	3124
3747	609	3101
3979	595	3080
302	1478	3271
317	1483	3278
331	1496	3302
382	1502	3310
586	1477	3289
822	1389	3273
1186	1276	3252
1579	1224	3232
1910	1180	3210
2209	1158	3185
2481	1130	3160
2725	1106	3131
3001	1013	3157
3241	997	3135
3474	997	3114
3722	988	3097
3957	959	3073
264	1710	3250
265	1712	3255
268	1719	3273
340	1719	3271
576	1688	3253
807	1637	3241
1239	1565	3225
1557	1514	3206
1889	1494	3187
2182	1477	3169
2477	1423	3178
2734	1383	3161
2975	1381	3142
3219	1368	3122
3452	1366	3101
3700	1352	3084
3938	1322	3065
175	1924	3230
180	1926	3234
246	1931	3243
312	1934	3232
571	1899	3224
830	1855	3214
1204	1813	3199
1575	1775	3184
1866	1751	3193
2164	1732	3178
2449	1709	3161
2713	1685	3145
2954	1676	3125
3200	1674	3108
3437	1660	3090
3682	1654	3074
3924	1646	3060
166	2156	3233
174	2158	3236
239	2159	3237
304	2170	3216
549	2132	3211
805	2091	3203
1180	2058	3194
1530	2021	3185
1838	1997	3173
2143	1979	3161
2418	1966	3144
2696	1950	3126
2937	1941	3109
3185	1935	3095
3422	1926	3079
3668	1920	3065
3908	1910	3050
161	2427	3222
178	2428	3224
231	2431	3209
297	2429	3212
495	2397	3214
780	2359	3215
1156	2321	3215
1519	2286	3212
1843	2260	3203
2138	2236	3188
2436	2226	3172
2694	2214	3147
2933	2210	3120
3175	2207	3088
3407	2200	3068
3656	2193	3056
3896	2187	3043
157	2668	3222
189	2669	3209
222	2668	3212
307	2666	3217
465	2631	3221
793	2601	3227
1188	2569	3232
1545	2541	3235
1877	2519	3235
2171	2505	3229
2444	2491	3214
2711	2484	3196
2946	2479	3170
3188	2479	3140
3417	2480	3103
3653	2482	3068
3883	2486	3036
157	2907	3194
193	2906	3196
229	2905	3199
317	2897	3206
434	2867	3212
805	2836	3222
1191	2814	3234
1561	2791	3236
1893	2773	3227
2187	2760	3215
2458	2749	3203
2724	2743	3193
2961	2736	3180
3206	2732	3172
3436	2724	3158
3678	2724	3123
3919	2719	3081
179	3146	3166
202	3145	3167
233	3144	3171
325	3132	3178
457	3103	3187
779	3083	3197
1246	3057	3213
1587	3037	3224
1919	3022	3215
2216	3012	3207
2481	3005	3193
2717	2998	3186
2962	2992	3179
3207	2987	3173
3444	2978	3163
3700	2966	3154
3951	2954	3126
261	3379	3128
256	3379	3128
257	3381	3127
332	3375	3135
443	3353	3148
702	3326	3162
1184	3306	3174
1553	3290	3193
1874	3275	3212
2188	3265	3205
2440	3257	3196
2695	3252	3188
2944	3247	3180
3190	3240	3168
3439	3232	3156
3700	3221	3142
3960	3206	3130
305	3626	3121
305	3626	3121
305	3626	3120
342	3625	3119
428	3624	3117
586	3606	3115
887	3583	3120
1379	3562	3139
1746	3544	3159
2082	3525	3177
2389	3513	3190
2655	3505	3177
2908	3498	3163
3165	3490	3151
3421	3483	3136
3688	3473	3121
3946	3461	3100
356	3868	3109
355	3871	3097
353	3875	3100
363	3880	3102
408	3880	3101
463	3879	3098
663	3869	3092
1064	3857	3081
1357	3838	3071
1847	3815	3083
2235	3795	3102
2580	3775	3116
2872	3760	3131
3136	3754	3118
3391	3743	3098
3661	3736	3080
3924	3728	3060
397	4095	3073
396	4095	3073
395	4095	3076
392	4095	3080
388	4095	3061
400	4095	3061
440	4095	3057
750	4095	3050
1159	4095	3040
1672	4084	3025
2088	4071	3011
2438	4059	3010
2769	4045	3024
3065	4029	3033
3344	4017	3037
3623	4004	3030
3896	3996	3014
560	563	3426
544	546	3434
547	529	3485
567	545	3559
632	560	3553
984	534	3542
1335	443	3530
1778	328	3512
2082	305	3497
2327	280	3482
2593	271	3461
2835	275	3444
3081	288	3421
3296	303	3388
3550	310	3388
3775	312	3361
4000	293	3338
519	582	3467
511	598	3482
515	552	3534
531	591	3605
653	630	3596
891	593	3582
1353	470	3563
1814	391	3542
2099	362	3523
2350	343	3503
2601	329	3480
2838	319	3452
3080	324	3419
3295	323	3387
3549	323	3387
3775	337	3360
3999	331	3338
491	601	3578
478	720	3592
483	729	3640
489	732	3691
674	739	3677
859	705	3648
1350	531	3614
1735	538	3581
2052	466	3547
2308	480	3513
2601	441	3477
2837	432	3444
3022	361	3370
3238	344	3339
3546	353	3384
3772	361	3357
3997	369	3335
427	854	3562
418	872	3573
421	905	3614
464	913	3659
646	879	3618
827	818	3590
1282	750	3559
1657	685	3524
2005	640	3492
2265	617	3460
2526	554	3426
2763	545	3394
2984	521	3363
3306	481	3406
3529	480	3381
3762	463	3356
3992	421	3336
347	1167	3542
348	1175	3550
367	1204	3582
443	1224	3611
569	1178	3578
812	1094	3557
1199	970	3532
1613	917	3501
1918	861	3472
2221	828	3442
2491	822	3413
2735	796	3383
3019	780	3421
3264	647	3395
3493	636	3374
3742	618	3351
3973	599	3330
345	1464	3519
342	1469	3526
353	1476	3551
406	1482	3566
560	1478	3539
790	1371	3522
1158	1304	3500
1549	1243	3477
1904	1193	3449
2194	1173	3424
2464	1156	3397
2750	1063	3427
2994	1039	3407
3233	1028	3383
3467	1018	3360
3714	994	3342
3949	980	3321
301	1704	3499
303	1705	3504
309	1711	3524
342	1712	3526
550	1701	3503
786	1637	3488
1171	1570	3471
1533	1540	3450
1875	1507	3428
2163	1482	3403
2467	1432	3427
2727	1403	3409
2969	1397	3389
3212	1381	3369
3449	1376	3349
3693	1343	3330
3931	1339	3310
210	1919	3478
211	1920	3482
257	1926	3494
322	1932	3478
553	1913	3469
821	1861	3455
1168	1821	3441
1494	1786	3456
1848	1756	3440
2153	1735	3425
2441	1708	3411
2707	1693	3391
2948	1688	3372
3194	1679	3354
3431	1668	3336
3678	1658	3320
3918	1652	3303
193	2150	3484
204	2152	3487
250	2155	3491
317	2168	3466
537	2143	3461
790	2092	3453
1147	2058	3444
1513	2027	3432
1824	2002	3420
2133	1985	3407
2415	1972	3391
2687	1958	3372
2932	1947	3356
3180	1939	3339
3417	1933	3326
3665	1926	3311
3901	1914	3292
187	2428	3462
201	2430	3465
247	2438	3444
305	2437	3442
454	2414	3437
774	2375	3431
1136	2340	3423
1503	2307	3411
1809	2281	3399
2118	2260	3387
2413	2247	3372
2671	2234	3357
2920	2222	3341
3168	2213	3326
3404	2205	3311
3650	2200	3299
3890	2193	3285
180	2673	3446
210	2675	3430
240	2674	3432
314	2672	3436
437	2644	3439
758	2613	3441
1181	2583	3441
1530	2556	3441
1845	2537	3439
2140	2520	3429
2419	2510	3416
2694	2504	3398
2931	2497	3371
3172	2495	3343
3401	2495	3311
3644	2493	3291
3883	2486	3278
184	2911	3427
215	2910	3428
246	2909	3431
314	2907	3437
419	2874	3441
790	2849	3449
1213	2822	3456
1551	2800	3462
1883	2776	3465
2180	2762	3464
2458	2755	3456
2705	2746	3442
2957	2740	3425
3194	2740	3394
3422	2739	3370
3665	2734	3341
3908	2728	3308
215	3150	3409
216	3149	3411
266	3148	3415
326	3140	3422
440	3111	3430
778	3086	3439
1217	3064	3450
1606	3040	3463
1919	3024	3465
2210	3013	3454
2475	3008	3443
2712	3003	3438
2958	2997	3431
3198	2990	3425
3442	2981	3420
3696	2968	3410
3941	2962	3371
270	3386	3379
270	3386	3380
271	3385	3385
338	3381	3393
442	3359	3402
667	3330	3415
1157	3310	3431
1510	3294	3449
1878	3275	3466
2165	3268	3460
2435	3261	3453
2684	3256	3445
2936	3251	3439
3184	3242	3429
3432	3233	3421
3694	3221	3409
3957	3207	3401
322	3630	3371
322	3630	3371
322	3630	3370
348	3630	3370
439	3630	3369
545	3612	3374
870	3582	3391
1342	3562	3411
1726	3542	3430
2074	3524	3452
2374	3515	3451
2641	3509	3442
2899	3502	3432
3165	3495	3423
3417	3486	3408
3680	3472	3391
3942	3459	3374
375	3869	3369
374	3871	3370
369	3877	3355
375	3886	3362
417	3886	3360
468	3886	3359
643	3875	3354
981	3857	3345
1387	3834	3356
1885	3808	3375
2269	3790	3399
2602	3774	3420
2868	3764	3407
3130	3757	3393
3387	3747	3378
3655	3738	3361
3918	3728	3342
398	4095	3339
398	4095	3340
401	4095	3342
403	4095	3346
412	4095	3325
422	4095	3328
452	4095	3324
712	4095	3316
1144	4095	3306
1596	4088	3295
2106	4068	3301
2466	4051	3322
2786	4037	3343
3094	4020	3359
3350	4014	3341
3619	4003	3321
3886	3996	3302
548	654	3681
534	687	3690
520	678	3727
540	647	3810
579	696	3806
899	637	3796
1222	465	3784
1709	363	3769
2021	347	3755
2300	318	3737
2575	312	3721
2826	306	3702
3061	318	3671
3268	339	3635
3540	339	3646
3765	339	3616
3986	327	3587
515	689	3710
502	690	3724
481	690	3771
528	701	3852
551	729	3845
871	695	3833
1264	484	3816
1751	431	3797
2058	404	3780
2327	385	3758
2579	369	3739
2827	342	3705
3060	340	3669
3267	350	3633
3539	359	3645
3765	356	3615
3985	353	3587
469	725	3824
462	742	3836
473	825	3880
484	828	3933
529	819	3931
813	753	3901
1305	579	3869
1678	500	3838
1998	461	3804
2280	492	3767
2577	453	3733
2827	405	3697
2996	362	3606
3314	359	3667
3536	429	3641
3762	376	3612
3983	379	3584
444	890	3809
426	914	3819
431	937	3857
473	953	3911
508	909	3859
754	876	3833
1263	733	3804
1604	668	3771
1938	622	3737
2233	599	3704
2505	575	3673
2749	568	3637
2958	532	3601
3291	508	3663
3522	499	3639
3754	489	3612
3980	406	3586
373	1163	3790
374	1172	3798
377	1200	3828
462	1223	3865
523	1193	3822
754	1130	3801
1173	1009	3777
1566	941	3749
1906	893	3719
2204	855	3691
2472	852	3658
2717	845	3626
3009	751	3679
3253	668	3654
3487	659	3630
3733	638	3605
3963	629	3580
368	1435	3771
367	1441	3777
375	1462	3802
438	1486	3823
528	1477	3787
759	1394	3771
1146	1324	3748
1519	1274	3724
1886	1214	3698
2169	1200	3669
2446	1127	3641
2739	1079	3687
2983	1050	3664
3225	1047	3641
3461	1023	3616
3705	999	3593
3942	995	3571
315	1690	3751
319	1694	3756
334	1707	3775
346	1712	3782
517	1724	3753
765	1656	3738
1152	1595	3719
1522	1551	3698
1859	1517	3674
2165	1462	3707
2458	1429	3690
2718	1410	3668
2960	1403	3645
3205	1394	3624
3440	1381	3601
3687	1363	3582
3927	1348	3561
301	1919	3732
275	1921	3736
284	1928	3750
333	1935	3729
500	1925	3721
799	1869	3706
1133	1839	3731
1487	1794	3717
1826	1759	3702
2137	1737	3686
2436	1718	3668
2698	1702	3648
2942	1694	3627
3188	1685	3607
3425	1673	3589
3673	1668	3572
3911	1658	3551
232	2143	3744
235	2146	3747
265	2151	3755
330	2164	3727
515	2159	3723
755	2107	3713
1094	2069	3705
1491	2032	3694
1807	2008	3679
2113	1988	3662
2407	1975	3646
2681	1964	3629
2924	1952	3609
3175	1943	3592
3412	1937	3574
3658	1931	3557
3897	1923	3539
221	2423	3721
231	2425	3724
259	2433	3703
338	2432	3701
448	2422	3697
723	2382	3690
1124	2347	3682
1487	2314	3671
1797	2287	3656
2106	2264	3642
2402	2252	3627
2666	2241	3611
2915	2228	3592
3163	2220	3576
3401	2214	3560
3646	2206	3545
3887	2199	3529
210	2671	3699
241	2675	3684
253	2675	3683
320	2674	3681
427	2660	3678
690	2629	3668
1134	2601	3657
1492	2579	3649
1791	2556	3640
2103	2538	3629
2398	2528	3614
2658	2522	3596
2908	2515	3577
3155	2509	3562
3397	2504	3548
3633	2505	3524
3885	2489	3528
224	2916	3660
245	2916	3660
265	2915	3662
311	2913	3667
405	2893	3672
714	2864	3676
1160	2837	3677
1541	2811	3678
1844	2794	3678
2147	2780	3674
2426	2771	3666
2685	2765	3653
2938	2759	3630
3173	2757	3603
3406	2753	3582
3651	2749	3560
3902	2735	3547
251	3153	3655
261	3153	3656
300	3152	3660
327	3149	3666
424	3125	3672
703	3095	3680
1187	3073	3688
1591	3049	3694
1907	3033	3703
2201	3021	3706
2466	3011	3708
2708	3006	3704
2954	2998	3699
3192	2990	3692
3429	2986	3670
3679	2981	3644
3926	2972	3610
297	3384	3637
303	3384	3638
332	3383	3643
343	3382	3651
437	3364	3663
618	3338	3675
1131	3320	3689
1541	3297	3701
1857	3283	3721
2150	3272	3730
2412	3264	3724
2670	3257	3716
2926	3252	3713
3174	3244	3707
3428	3235	3702
3693	3220	3696
3948	3208	3677
336	3635	3630
348	3636	3632
349	3636	3631
365	3636	3631
424	3635	3633
534	3616	3650
848	3587	3667
1332	3565	3685
1717	3543	3705
2043	3528	3729
2337	3519	3729
2624	3511	3722
2894	3503	3714
3155	3493	3701
3408	3484	3689
3673	3473	3675
3934	3457	3658
385	3872	3644
384	3873	3645
384	3878	3649
386	3890	3629
416	3894	3632
498	3894	3631
656	3893	3628
897	3862	3631
1423	3833	3650
1902	3805	3673
2276	3786	3699
2588	3776	3706
2861	3767	3694
3123	3759	3679
3378	3747	3663
3644	3739	3647
3909	3727	3628
446	4095	3610
446	4095	3611
444	4095	3613
439	4095	3617
451	4095	3593
462	4095	3599
492	4095	3595
709	4095	3592
1099	4095	3581
1683	4087	3584
2115	4065	3609
2480	4048	3636
2809	4031	3663
3082	4020	3647
3340	4013	3629
3612	4006	3613
3880	3998	3594
421	842	3927
447	828	3933
447	828	3933
447	828	3933
447	828	3933
840	669	3927
1365	488	3920
1701	443	3916
2009	406	3908
2278	370	3905
2550	356	3900
2819	350	3896
3036	353	3890
3283	374	3886
3519	375	3879
3751	364	3869
3974	363	3839
447	828	3933
447	828	3933
447	828	3933
447	828	3933
447	828	3933
810	729	3927
1338	543	3920
1708	494	3915
2023	455	3908
2290	421	3905
2560	393	3899
2818	364	3896
3035	358	3890
3290	374	3886
3518	396	3879
3751	382	3868
3974	364	3838
447	828	3933
447	828	3933
447	828	3933
447	828	3933
447	828	3933
781	789	3927
1311	599	3920
1670	546	3915
1977	504	3908
2247	501	3905
2558	465	3899
2749	379	3881
2966	364	3844
3288	375	3886
3516	456	3879
3749	391	3865
3973	365	3835
423	953	3932
435	954	3932
447	958	3932
459	965	3932
496	939	3932
711	913	3929
1244	715	3923
1631	651	3918
1931	605	3911
2203	581	3907
2481	596	3901
2718	590	3872
3043	542	3889
3269	535	3886
3504	517	3879
3743	502	3867
3972	366	3839
400	1199	3933
418	1200	3933
436	1205	3933
472	1212	3933
509	1179	3934
691	1145	3932
1181	1027	3927
1578	965	3920
1887	898	3913
2165	867	3908
2453	891	3893
2688	872	3860
2998	721	3892
3238	696	3887
3481	674	3883
3723	640	3858
3953	638	3832
375	1467	3936
393	1468	3936
411	1473	3937
448	1479	3937
497	1463	3937
673	1416	3933
1160	1348	3926
1538	1265	3922
1853	1236	3916
2138	1214	3908
2465	1098	3905
2733	1064	3899
2975	1070	3894
3216	1053	3888
3453	1044	3871
3696	1011	3846
3935	1015	3824
335	1716	3938
359	1718	3938
383	1725	3938
416	1729	3938
485	1747	3938
650	1686	3933
1131	1601	3928
1510	1567	3923
1842	1502	3917
2143	1475	3912
2444	1450	3906
2707	1425	3900
2953	1418	3897
3197	1404	3878
3433	1390	3855
3679	1379	3835
3919	1354	3814
325	1930	3942
340	1932	3942
355	1938	3942
401	1950	3942
448	1949	3942
667	1907	3940
1101	1839	3932
1480	1802	3925
1809	1770	3920
2115	1743	3913
2424	1726	3908
2691	1715	3902
2934	1705	3884
3178	1692	3862
3418	1671	3841
3664	1675	3822
3903	1656	3801
315	2165	3945
324	2166	3945
350	2172	3945
386	2184	3945
494	2183	3945
683	2114	3940
1067	2076	3934
1472	2043	3929
1793	2018	3923
2096	1996	3915
2403	1982	3899
2672	1971	3883
2920	1961	3865
3168	1951	3845
3406	1945	3826
3650	1936	3808
3891	1930	3789
300	2424	3946
311	2426	3946
336	2440	3946
370	2439	3946
442	2438	3946
653	2402	3943
1109	2361	3938
1463	2327	3925
1782	2298	3910
2088	2275	3895
2387	2264	3880
2654	2249	3862
2910	2238	3846
3160	2230	3829
3397	2221	3811
3641	2213	3795
3884	2207	3779
285	2674	3946
299	2681	3933
313	2681	3934
338	2681	3932
416	2676	3928
671	2640	3919
1088	2612	3913
1455	2588	3901
1787	2566	3889
2082	2552	3876
2363	2538	3859
2651	2530	3844
2907	2525	3831
3150	2517	3816
3394	2510	3798
3633	2508	3780
3885	2490	3784
294	2922	3912
297	2922	3912
291	2922	3911
305	2921	3909
391	2910	3905
650	2879	3896
1121	2857	3888
1464	2836	3880
1793	2821	3880
2092	2802	3868
2403	2792	3859
2664	2786	3848
2914	2780	3826
3147	2776	3806
3393	2766	3805
3641	2754	3809
3901	2737	3812
303	3158	3891
306	3158	3890
319	3158	3890
329	3157	3890
416	3141	3894
628	3112	3898
1081	3091	3903
1531	3071	3908
1860	3054	3912
2153	3040	3914
2423	3032	3917
2683	3025	3918
2926	3019	3913
3160	3012	3902
3406	3004	3885
3654	2996	3865
3909	2985	3838
336	3392	3884
339	3391	3884
347	3391	3888
353	3391	3896
401	3384	3906
568	3358	3915
1041	3334	3927
1496	3314	3942
1811	3298	3940
2106	3283	3935
2401	3272	3929
2662	3261	3924
2916	3256	3920
3166	3247	3916
3415	3238	3910
3672	3227	3905
3927	3223	3901
356	3642	3890
373	3643	3892
375	3647	3896
381	3647	3896
408	3646	3900
515	3633	3915
817	3599	3929
1294	3575	3947
1667	3557	3945
2018	3539	3940
2327	3525	3936
2613	3516	3929
2885	3509	3928
3145	3500	3922
3397	3485	3914
3667	3477	3914
3927	3461	3906
413	3878	3914
410	3880	3915
403	3885	3920
409	3896	3891
416	3908	3900
501	3908	3900
674	3902	3896
879	3862	3910
1488	3835	3934
1895	3813	3948
2250	3793	3942
2579	3782	3939
2848	3775	3935
3113	3763	3926
3368	3752	3920
3636	3743	3916
3903	3733	3912
466	4095	3884
465	4095	3885
462	4095	3888
452	4095	3893
469	4095	3866
487	4095	3876
531	4095	3873
637	4095	3866
1073	4095	3859
1715	4089	3884
2131	4070	3913
2494	4053	3942
2798	4039	3941
3072	4030	3935
3331	4021	3920
3602	4010	3905
3871	4000	3888