0	0	0
474	4	0
947	7	0
1172	14	0
1386	20	1
1587	27	1
1803	34	1
2025	38	1
2246	47	1
2475	54	1
2692	70	1
2915	77	1
3138	89	1
3357	122	1
3554	160	2
3749	202	3
3979	208	5
13	572	20
403	351	21
883	317	21
1085	257	21
1337	205	21
1549	183	20
1891	164	19
2092	146	18
2280	147	17
2476	145	16
2683	147	15
2903	154	15
3140	169	16
3350	204	15
3546	251	15
3746	276	15
3973	236	15
16	963	40
314	827	41
602	626	42
999	501	42
1288	391	41
1510	340	40
1777	295	37
2010	254	35
2225	247	32
2467	237	34
2673	223	37
2895	231	39
3122	248	30
3331	286	29
3523	342	28
3730	349	27
3961	356	25
20	1226	75
211	1150	73
403	956	70
810	847	74
1133	759	79
1404	691	78
1650	621	74
1891	580	71
2126	565	71
2377	543	70
2612	537	69
2837	527	64
3055	488	60
3283	513	57
3499	558	47
3728	574	46
3947	603	35
20	1382	145
146	1384	134
276	1291	128
592	1169	123
1015	1092	117
1329	1031	116
1578	973	112
1818	923	107
2065	885	109
2332	866	107
2571	850	105
2794	823	103
3015	828	94
3236	838	89
3454	866	78
3699	872	73
3930	887	46
21	1639	161
123	1618	174
198	1542	186
490	1444	177
861	1391	171
1242	1346	165
1520	1302	160
1762	1254	166
2012	1221	161
2274	1196	157
2539	1176	154
2763	1174	142
2987	1166	131
3211	1163	128
3437	1173	120
3682	1194	105
3915	1186	67
25	1822	178
119	1809	197
195	1769	217
434	1704	232
771	1642	214
1166	1612	209
1467	1572	203
1719	1538	209
1973	1508	213
2237	1492	206
2495	1483	200
2737	1475	163
2963	1466	163
3202	1469	167
3426	1482	161
3665	1484	151
3900	1477	112
41	2008	195
123	1998	202
189	1955	252
426	1916	276
756	1870	280
1115	1834	264
1413	1804	260
1679	1778	254
1948	1757	249
2213	1748	244
2479	1740	213
2731	1738	199
2957	1739	194
3196	1732	189
3417	1739	198
3649	1742	203
3880	1748	193
72	2227	268
127	2218	278
183	2180	288
445	2118	326
726	2091	346
1092	2066	319
1405	2037	318
1677	2014	309
1945	2002	308
2212	1997	306
2480	1991	226
2728	1988	216
2957	1985	206
3189	1987	220
3408	1984	235
3640	1985	255
3866	1988	298
91	2457	306
139	2450	311
186	2427	331
459	2386	377
743	2364	391
1074	2336	374
1385	2306	390
1665	2290	364
1935	2278	334
2200	2270	323
2470	2265	289
2718	2261	285
2949	2260	274
3181	2258	261
3405	2257	271
3637	2258	314
3863	2258	383
117	2680	344
156	2675	383
196	2658	405
453	2628	427
710	2606	437
1080	2588	424
1381	2573	423
1668	2554	416
1935	2543	409
2202	2538	395
2467	2533	381
2715	2533	353
2951	2533	343
3186	2534	346
3410	2533	373
3642	2533	406
3862	2532	428
158	2908	383
178	2905	399
246	2889	450
464	2864	500
699	2846	514
1067	2829	528
1406	2817	499
1688	2810	479
1949	2796	460
2215	2792	458
2474	2786	455
2716	2785	434
2954	2785	413
3181	2774	430
3412	2781	438
3639	2779	440
3869	2782	443
247	3135	421
268	3133	453
341	3120	486
475	3100	551
719	3084	566
1079	3068	555
1432	3047	585
1703	3040	556
1981	3029	551
2240	3024	523
2496	3023	512
2725	3020	483
2961	3023	492
3195	3024	489
3427	3032	461
3669	3029	459
3908	3019	458
322	3340	555
326	3339	559
356	3333	585
545	3321	605
738	3302	599
1055	3291	582
1459	3280	595
1734	3272	633
2000	3266	578
2268	3265	545
2510	3268	570
2733	3268	532
2959	3267	521
3203	3269	508
3437	3268	484
3682	3264	486
3928	3255	488
397	3570	616
384	3570	594
340	3568	607
479	3562	619
789	3548	632
1030	3534	609
1442	3529	622
1725	3522	635
1977	3519	604
2236	3518	566
2480	3516	527
2707	3510	571
2945	3509	550
3188	3510	527
3430	3506	507
3647	3511	488
3891	3503	518
328	3837	641
323	3836	629
323	3834	629
412	3829	643
734	3820	657
953	3806	637
1254	3796	649
1572	3783	661
1871	3778	636
2148	3776	597
2406	3775	583
2665	3770	610
2911	3768	591
3151	3764	572
3395	3763	562
3645	3758	552
3898	3752	562
197	4081	666
199	4082	670
206	4086	681
264	4089	689
532	4082	688
770	4074	710
1034	4060	707
1398	4047	687
1767	4035	667
2064	4030	665
2353	4029	646
2628	4027	627
2877	4021	640
3125	4016	652
3376	4014	636
3632	4010	620
3891	4002	604
88	45	186
533	36	203
995	19	219
1250	20	263
1434	21	251
1628	29	228
1838	35	214
2139	39	209
2339	42	199
2547	53	189
2744	66	178
2947	72	171
3151	85	136
3359	122	168
3555	158	181
3750	197	149
3982	202	127
48	515	216
311	362	239
839	277	263
1149	248	273
1378	205	262
1589	182	240
1878	162	229
2095	146	222
2309	145	217
2479	143	196
2685	145	189
2905	151	189
3142	167	139
3352	185	187
3548	248	188
3747	260	191
3971	253	117
35	946	246
285	838	273
535	611	281
965	493	277
1268	388	269
1513	339	249
1778	295	248
2012	255	234
2228	247	228
2470	237	213
2675	223	210
2896	231	208
3123	249	202
3332	291	207
3525	403	205
3732	358	203
3963	357	126
30	1214	311
207	1148	310
382	959	304
786	841	300
1129	763	295
1405	677	277
1652	621	259
1894	580	241
2128	565	230
2379	543	239
2613	524	233
2838	528	226
3056	490	227
3284	513	226
3501	558	219
3729	574	219
3948	590	136
27	1443	338
146	1409	333
272	1295	323
585	1149	321
1015	1093	315
1329	1032	313
1580	974	298
1820	924	287
2066	886	279
2334	867	269
2574	852	260
2796	824	229
3016	829	256
3237	839	255
3456	866	244
3701	872	237
3931	887	153
24	1640	337
119	1620	346
198	1544	352
490	1446	343
860	1392	334
1242	1347	302
1522	1303	333
1764	1255	327
2013	1222	318
2275	1197	313
2541	1176	305
2764	1175	294
2988	1167	277
3212	1164	267
3438	1173	260
3683	1195	238
3916	1186	204
28	1824	313
116	1810	340
194	1771	363
434	1705	366
771	1643	364
1146	1613	317
1468	1574	363
1720	1539	364
1974	1509	361
2238	1492	330
2496	1484	318
2739	1476	308
2964	1467	302
3203	1469	292
3427	1482	287
3666	1485	271
3901	1478	258
43	2009	285
122	1999	296
188	1956	377
414	1917	388
757	1872	400
1116	1835	390
1414	1805	375
1680	1779	401
1948	1757	394
2214	1749	388
2480	1741	361
2732	1739	339
2957	1739	339
3197	1732	320
3417	1740	314
3649	1742	309
3876	1746	305
72	2228	364
127	2220	376
182	2181	391
435	2118	413
726	2092	436
1089	2066	448
1405	2037	448
1677	2014	438
1944	2002	444
2212	1997	440
2479	1991	385
2727	1988	350
2956	1985	377
3189	1987	344
3407	1983	371
3639	1984	354
3864	1987	358
89	2454	365
142	2447	439
187	2424	481
426	2383	507
731	2359	513
1062	2332	504
1381	2303	511
1663	2288	494
1931	2275	475
2196	2266	468
2469	2263	448
2716	2258	437
2947	2257	417
3177	2253	400
3404	2256	378
3637	2257	399
3862	2257	419
124	2677	519
157	2672	521
211	2655	541
431	2623	553
719	2601	521
1062	2584	549
1370	2568	546
1663	2550	528
1928	2539	537
2198	2535	530
2461	2529	521
2710	2529	508
2948	2530	496
3183	2531	491
3405	2529	500
3636	2531	497
3861	2531	457
158	2905	557
205	2901	565
247	2885	566
481	2862	614
708	2845	569
1080	2828	567
1400	2814	553
1685	2805	579
1947	2795	589
2219	2782	583
2477	2779	567
2712	2777	549
2949	2775	559
3179	2772	567
3410	2780	543
3636	2778	536
3868	2781	496
325	3112	678
345	3110	680
417	3100	688
549	3086	687
724	3074	687
1118	3059	686
1429	3046	666
1699	3038	628
1978	3027	615
2238	3022	626
2493	3021	614
2723	3019	587
2959	3021	592
3191	3021	584
3424	3031	553
3668	3030	525
3907	3020	469
335	3340	706
365	3338	707
456	3332	715
583	3321	725
757	3301	721
1103	3290	712
1456	3279	682
1734	3271	678
1996	3264	638
2262	3264	626
2507	3265	644
2733	3268	625
2959	3267	610
3203	3269	578
3436	3269	554
3681	3265	517
3926	3256	492
377	3568	734
385	3568	733
494	3566	704
616	3561	695
775	3545	708
1065	3533	690
1440	3526	624
1727	3522	672
1979	3519	640
2237	3518	633
2480	3517	613
2707	3511	602
2944	3510	601
3186	3511	588
3428	3507	564
3649	3510	539
3893	3503	533
332	3837	701
360	3837	702
449	3834	686
576	3829	680
734	3820	696
953	3806	694
1254	3796	665
1570	3783	682
1869	3778	640
2146	3776	661
2404	3776	629
2666	3770	611
2912	3768	627
3152	3764	597
3396	3763	574
3646	3758	562
3899	3753	572
197	4082	668
199	4083	671
206	4086	682
264	4090	690
532	4083	688
769	4075	710
1033	4060	707
1398	4047	687
1767	4036	667
2063	4031	679
2352	4029	658
2628	4027	640
2877	4022	652
3125	4017	652
3375	4015	642
3631	4010	626
3890	4002	603
176	90	522
551	69	540
1043	31	535
1328	27	526
1481	28	502
1670	30	454
1873	35	427
2069	40	416
2298	46	397
2525	54	378
2724	58	355
2920	66	341
3136	88	350
3343	119	382
3518	155	360
3708	191	305
3954	193	249
62	458	548
282	372	551
810	314	544
1176	239	534
1419	208	511
1630	182	467
1865	162	439
2068	149	425
2287	146	417
2471	140	415
2727	146	364
2918	147	363
3125	170	370
3335	207	359
3505	242	361
3697	251	366
3954	270	359
50	913	550
258	825	549
502	597	538
889	485	529
1232	394	512
1489	342	474
1732	291	458
1958	262	434
2177	246	424
2417	229	392
2652	221	383
2879	227	376
3094	253	374
3297	296	385
3481	408	382
3690	368	380
3948	346	369
41	1173	547
203	1123	547
364	951	538
730	822	526
1082	745	517
1365	662	487
1603	620	474
1856	586	459
2085	564	441
2348	542	408
2600	515	396
2829	528	387
3044	491	394
3254	523	395
3447	574	391
3691	578	391
3928	577	365
39	1403	532
157	1371	532
280	1256	531
590	1130	540
988	1064	528
1294	1005	509
1550	950	484
1795	914	468
2037	882	450
2301	859	430
2562	845	416
2789	828	406
3006	823	417
3219	839	421
3408	877	410
3676	866	402
3910	874	383
37	1623	512
115	1604	518
201	1527	549
500	1433	544
847	1369	538
1211	1324	516
1488	1279	506
1749	1245	489
2000	1210	474
2258	1189	470
2517	1176	457
2758	1164	445
2977	1154	424
3176	1187	458
3421	1165	450
3664	1174	438
3892	1167	421
39	1809	448
114	1794	482
190	1750	539
445	1691	542
767	1633	551
1125	1597	526
1442	1562	522
1708	1530	519
1967	1503	509
2231	1486	509
2487	1477	505
2726	1463	452
2936	1469	497
3188	1462	482
3416	1472	474
3651	1476	447
3875	1462	405
46	1996	376
115	1986	389
184	1947	559
401	1900	570
745	1860	573
1102	1824	565
1403	1798	557
1674	1771	548
1943	1751	540
2197	1741	528
2460	1737	509
2718	1726	528
2942	1715	525
3178	1725	513
3413	1736	499
3644	1743	422
3867	1745	417
70	2216	460
125	2207	475
179	2176	575
387	2107	584
727	2072	605
1079	2048	613
1387	2023	578
1656	2001	578
1922	1988	580
2189	1980	573
2458	1979	571
2708	1976	552
2943	1977	562
3177	1981	542
3401	1982	506
3632	1983	454
3858	1986	493
87	2442	552
147	2435	568
200	2401	631
394	2366	638
709	2344	635
1055	2317	634
1387	2295	631
1658	2273	623
1920	2259	617
2187	2251	613
2457	2249	608
2702	2244	590
2937	2248	604
3168	2246	596
3396	2251	588
3627	2252	587
3857	2257	534
131	2655	654
168	2650	659
216	2634	677
409	2609	678
729	2591	678
1073	2572	674
1395	2555	670
1669	2540	669
1929	2529	664
2192	2521	666
2454	2519	661
2703	2518	663
2935	2517	648
3167	2517	637
3398	2524	627
3624	2523	588
3853	2526	550
211	2881	732
232	2878	732
308	2866	730
464	2846	728
721	2831	728
1093	2817	728
1387	2801	725
1690	2787	725
1948	2779	732
2207	2773	708
2467	2772	693
2707	2773	678
2944	2769	670
3174	2768	698
3401	2773	680
3627	2773	631
3862	2776	565
329	3112	792
349	3109	792
420	3101	792
550	3085	791
740	3072	791
1120	3055	790
1408	3044	747
1687	3035	736
1972	3022	719
2232	3017	729
2485	3015	711
2718	3015	692
2950	3015	692
3181	3016	679
3417	3024	673
3658	3029	591
3902	3024	539
343	3338	845
368	3336	845
459	3332	845
585	3320	844
784	3299	843
1125	3289	843
1445	3278	768
1733	3270	723
1992	3263	697
2256	3259	715
2499	3261	750
2730	3264	691
2954	3265	679
3196	3270	664
3433	3272	643
3675	3268	575
3920	3260	523
369	3577	803
387	3576	803
499	3575	800
620	3569	795
761	3552	784
1099	3535	770
1396	3526	748
1715	3519	709
1980	3516	676
2239	3518	701
2480	3519	718
2705	3513	690
2940	3513	666
3181	3514	643
3422	3511	605
3657	3510	585
3901	3504	548
346	3838	737
373	3838	739
458	3835	743
582	3829	731
737	3821	735
975	3808	740
1254	3798	728
1565	3785	703
1863	3781	645
2138	3779	693
2395	3779	677
2671	3770	666
2916	3768	664
3156	3764	622
3400	3764	605
3649	3759	595
3902	3754	582
200	4083	671
202	4084	675
209	4088	686
265	4092	690
529	4085	689
766	4077	710
1028	4062	707
1398	4049	697
1768	4037	686
2062	4033	693
2351	4031	669
2626	4029	654
2875	4024	678
3123	4019	653
3373	4017	643
3629	4012	632
3889	4005	620
183	105	717
570	99	729
1024	50	741
1287	35	736
1451	34	725
1644	36	709
1840	37	684
2039	44	663
2257	51	647
2472	55	606
2694	66	574
2891	73	551
3103	92	564
3311	110	596
3509	149	610
3694	183	590
3939	196	591
76	440	767
306	402	770
780	331	771
1204	254	757
1386	212	741
1615	186	722
1837	162	694
1992	150	669
2201	145	653
2431	138	633
2694	147	592
2889	154	582
3098	176	601
3289	208	609
3496	237	557
3685	243	621
3934	248	600
64	884	769
250	779	775
492	612	766
876	474	756
1196	391	744
1476	336	729
1695	287	701
1946	257	668
2146	235	654
2390	224	636
2624	228	623
2853	235	613
3078	259	607
3262	305	623
3433	413	626
3645	373	614
3916	335	611
52	1151	767
203	1118	769
355	944	761
720	813	751
1064	731	740
1352	661	729
1593	614	706
1825	580	676
2058	558	652
2313	539	637
2553	521	626
2777	530	621
3006	543	620
3219	563	605
3411	589	609
3670	579	621
3898	569	593
49	1372	765
161	1350	766
274	1238	759
589	1118	751
969	1054	741
1272	990	730
1536	933	712
1777	897	691
2016	873	664
2271	856	648
2519	838	638
2749	825	637
2968	826	650
3185	862	617
3396	889	615
3655	856	615
3880	850	614
46	1600	743
119	1585	748
205	1508	746
510	1418	745
874	1351	741
1215	1305	730
1491	1256	724
1739	1218	704
1982	1193	681
2235	1182	664
2491	1169	658
2723	1162	662
2947	1166	674
3168	1177	649
3411	1156	640
3642	1163	638
3868	1144	639
47	1795	723
117	1783	721
186	1740	716
456	1676	718
790	1619	737
1153	1579	734
1444	1541	728
1704	1509	716
1953	1488	700
2208	1478	688
2468	1471	692
2707	1460	701
2933	1467	692
3178	1460	672
3400	1459	662
3635	1461	623
3858	1461	667
50	1977	746
120	1967	745
179	1938	742
394	1889	751
743	1849	747
1079	1815	740
1399	1789	739
1666	1764	735
1924	1745	725
2186	1737	727
2452	1731	734
2707	1716	716
2937	1714	711
3168	1722	706
3394	1727	684
3628	1730	648
3854	1732	683
72	2200	761
123	2192	760
175	2166	758
378	2113	777
719	2069	775
1060	2044	777
1378	2021	773
1650	2001	775
1912	1984	770
2179	1976	761
2439	1972	756
2699	1971	754
2930	1969	748
3162	1969	739
3387	1974	728
3617	1977	743
3847	1980	743
85	2432	807
139	2427	806
183	2396	822
363	2363	821
695	2340	821
1042	2314	818
1381	2291	816
1649	2268	810
1910	2252	802
2179	2245	794
2451	2240	796
2697	2239	793
2926	2238	791
3157	2234	792
3382	2238	798
3612	2241	775
3843	2247	767
137	2649	851
154	2645	850
221	2630	849
377	2606	848
714	2587	848
1058	2569	844
1370	2553	844
1665	2538	841
1922	2524	835
2186	2518	835
2445	2515	831
2698	2514	833
2931	2514	835
3162	2512	810
3387	2516	818
3614	2516	808
3845	2521	787
215	2878	885
236	2875	885
311	2864	884
456	2844	882
733	2831	882
1083	2815	883
1384	2799	880
1688	2786	880
1944	2777	876
2202	2770	872
2461	2769	863
2699	2768	854
2941	2766	845
3173	2767	828
3395	2768	817
3623	2770	817
3856	2773	736
329	3111	929
348	3109	928
418	3100	927
544	3081	926
755	3069	926
1118	3055	927
1403	3045	925
1682	3032	920
1971	3023	922
2229	3017	921
2482	3014	906
2716	3014	890
2947	3013	868
3182	3013	817
3408	3017	792
3646	3018	784
3896	3020	608
345	3336	978
364	3335	977
463	3330	977
592	3314	975
801	3298	975
1147	3288	976
1431	3280	956
1731	3270	898
1985	3265	887
2252	3259	869
2493	3259	856
2723	3261	843
2952	3259	793
3184	3264	749
3427	3268	732
3663	3273	668
3908	3267	604
362	3575	937
380	3574	937
491	3571	934
640	3566	930
774	3552	922
1123	3533	911
1390	3526	896
1708	3518	876
1955	3512	852
2222	3507	859
2474	3509	823
2699	3514	777
2932	3518	730
3170	3520	667
3409	3518	646
3671	3508	613
3914	3504	580
353	3829	839
370	3828	837
474	3825	833
608	3820	825
748	3818	814
997	3806	790
1245	3800	800
1553	3789	772
1851	3786	759
2123	3784	725
2379	3785	768
2680	3771	748
2923	3768	712
3162	3765	661
3406	3765	636
3655	3760	662
3907	3755	603
204	4085	679
206	4086	682
213	4090	688
267	4095	691
525	4088	690
759	4080	711
1020	4065	745
1396	4051	726
1768	4040	706
2059	4036	722
2349	4035	693
2623	4032	735
2873	4027	735
3120	4022	654
3370	4020	643
3625	4016	633
3885	4009	636
189	139	921
547	120	941
896	102	961
1238	56	952
1416	52	947
1616	51	937
1821	50	923
2023	52	906
2238	59	894
2453	61	881
2670	69	869
2885	78	860
3089	96	856
3284	118	857
3482	154	861
3687	175	875
3934	197	852
148	397	980
330	427	989
666	346	999
1160	257	983
1365	222	973
1602	187	956
1758	164	937
1976	150	918
2187	145	903
2462	140	888
2675	148	874
2884	157	864
3086	180	858
3274	211	859
3472	241	862
3681	248	877
3929	241	852
88	835	995
243	734	1011
451	633	1005
840	458	995
1178	392	983
1458	325	964
1696	281	942
1929	249	921
2137	230	902
2382	219	889
2617	225	875
2849	237	866
3069	265	862
3255	303	860
3424	341	870
3639	379	889
3912	334	855
61	1126	996
201	1118	1003
324	964	998
708	804	990
1036	732	982
1338	656	969
1581	610	957
1818	574	929
2053	544	901
2304	525	886
2548	506	875
2773	528	870
3002	545	870
3210	564	869
3407	603	886
3665	566	861
3891	560	842
60	1353	996
163	1344	1000
259	1230	995
575	1110	988
950	1045	979
1266	981	969
1526	927	958
1774	883	944
2015	860	917
2263	847	896
2514	832	883
2743	819	880
2962	825	883
3181	859	888
3390	884	883
3650	849	858
3878	847	857
55	1572	989
124	1563	991
224	1493	993
499	1402	985
863	1343	976
1201	1299	975
1482	1244	962
1740	1206	953
1987	1182	938
2236	1167	913
2485	1164	898
2719	1156	896
2941	1160	901
3163	1176	914
3408	1154	880
3637	1156	874
3866	1146	875
52	1780	970
120	1768	971
189	1726	973
475	1667	983
805	1601	981
1160	1564	980
1446	1526	968
1713	1493	964
1965	1476	951
2218	1470	936
2463	1459	921
2702	1454	923
2926	1465	917
3174	1456	901
3397	1455	899
3625	1452	897
3854	1463	898
55	1972	968
121	1962	967
182	1932	965
371	1881	968
746	1839	970
1093	1804	975
1417	1772	975
1684	1751	975
1943	1735	970
2199	1729	959
2452	1725	951
2702	1722	932
2932	1715	930
3165	1720	927
3388	1726	926
3618	1727	926
3847	1727	928
73	2194	977
124	2187	976
175	2161	974
370	2101	982
722	2066	983
1057	2043	982
1374	2016	982
1654	1995	986
1921	1980	984
2183	1972	972
2436	1970	964
2694	1966	957
2924	1966	955
3159	1966	953
3383	1969	954
3611	1972	957
3844	1978	958
84	2430	1012
137	2424	1012
180	2396	1028
359	2365	1025
698	2338	1021
1021	2312	1017
1371	2286	1013
1645	2267	1007
1907	2254	1003
2174	2243	996
2446	2238	991
2690	2233	986
2922	2234	986
3157	2234	987
3379	2236	991
3611	2241	993
3840	2245	1000
134	2648	1052
150	2644	1052
218	2629	1051
371	2604	1049
706	2587	1047
1043	2569	1045
1367	2552	1042
1660	2536	1039
1919	2525	1036
2184	2519	1030
2439	2514	1026
2693	2511	1025
2928	2513	1028
3161	2512	1018
3383	2512	1008
3612	2514	1039
3841	2517	1025
213	2878	1077
234	2875	1077
308	2865	1076
448	2846	1075
722	2831	1075
1077	2815	1073
1378	2799	1071
1682	2787	1072
1940	2778	1069
2202	2771	1065
2456	2768	1063
2693	2766	1063
2935	2765	1036
3170	2765	1047
3390	2764	1026
3613	2771	1014
3852	2771	988
328	3110	1109
348	3108	1109
418	3099	1108
548	3083	1108
752	3068	1108
1113	3056	1108
1400	3043	1105
1681	3032	1101
1970	3025	1103
2227	3017	1100
2478	3014	1100
2712	3014	1089
2944	3012	1044
3181	3015	1022
3404	3015	1018
3641	3016	988
3883	3014	903
348	3333	1144
360	3331	1144
452	3324	1144
591	3315	1144
765	3299	1145
1149	3287	1144
1447	3277	1144
1730	3267	1142
1981	3264	1076
2247	3260	1067
2488	3258	1085
2717	3259	1060
2950	3261	1023
3178	3263	970
3418	3261	900
3659	3258	807
3872	3269	765
351	3573	1116
372	3572	1116
482	3570	1113
633	3563	1109
778	3549	1104
1087	3535	1097
1361	3528	1087
1693	3519	1069
1950	3512	1048
2216	3508	1017
2468	3507	975
2706	3508	925
2941	3509	864
3178	3510	860
3383	3524	802
3690	3505	745
3935	3504	698
342	3829	1042
367	3828	1041
464	3825	1036
600	3821	1027
759	3816	1016
978	3802	997
1255	3790	973
1581	3779	940
1880	3774	904
2159	3773	917
2417	3772	860
2693	3770	829
2934	3769	796
3171	3767	813
3414	3765	776
3664	3763	730
3915	3758	691
210	4089	687
212	4090	688
218	4094	690
268	4095	691
518	4093	692
749	4085	712
1006	4069	765
1391	4055	847
1765	4045	798
2055	4041	784
2346	4040	809
2619	4037	816
2868	4032	792
3115	4027	764
3365	4025	740
3620	4021	714
3879	4015	671
300	161	1138
502	143	1181
803	125	1189
1179	86	1183
1373	72	1180
1589	66	1172
1795	64	1162
1995	61	1151
2211	64	1139
2438	66	1130
2657	73	1119
2876	85	1111
3080	99	1108
3275	123	1107
3473	157	1105
3680	180	1117
3925	204	1097
221	346	1209
340	436	1207
551	381	1211
1136	280	1229
1349	229	1213
1588	193	1198
1732	168	1182
1950	153	1168
2172	148	1153
2452	142	1139
2664	149	1125
2877	161	1115
3076	183	1109
3265	213	1109
3463	234	1106
3675	240	1119
3920	234	1098
111	798	1211
255	729	1232
434	660	1232
822	473	1223
1143	386	1212
1420	326	1198
1668	279	1180
1906	245	1166
2133	231	1152
2376	219	1139
2608	225	1126
2843	236	1117
3058	268	1111
3247	302	1110
3417	334	1111
3633	365	1126
3903	339	1101
80	1087	1233
196	1087	1245
311	983	1244
689	794	1235
1001	724	1227
1329	648	1213
1567	603	1193
1809	570	1172
2045	539	1150
2296	516	1133
2539	490	1123
2768	528	1116
2996	530	1114
3203	570	1114
3400	597	1122
3663	553	1101
3887	549	1093
74	1329	1234
169	1314	1241
250	1216	1238
561	1108	1231
936	1039	1225
1258	971	1214
1515	918	1205
1767	874	1195
2008	849	1167
2257	833	1143
2504	826	1128
2735	819	1125
2955	824	1122
3176	862	1126
3382	877	1134
3647	842	1108
3870	838	1100
68	1547	1234
142	1518	1237
225	1489	1234
496	1402	1228
857	1341	1225
1198	1285	1215
1475	1237	1209
1731	1196	1198
1984	1170	1190
2233	1161	1165
2482	1155	1145
2711	1153	1135
2934	1160	1136
3159	1174	1144
3403	1153	1119
3635	1153	1118
3858	1137	1113
64	1762	1223
129	1756	1225
195	1717	1229
477	1656	1233
821	1598	1227
1152	1556	1220
1440	1520	1214
1706	1488	1207
1965	1468	1201
2220	1458	1191
2468	1458	1170
2697	1450	1155
2935	1446	1142
3170	1454	1137
3392	1449	1135
3622	1451	1134
3849	1460	1132
67	1963	1203
127	1952	1204
187	1918	1207
399	1865	1217
766	1825	1223
1107	1793	1231
1423	1762	1224
1689	1739	1221
1949	1726	1217
2209	1716	1212
2463	1715	1199
2700	1715	1171
2924	1716	1157
3161	1718	1155
3383	1721	1153
3613	1726	1154
3843	1726	1152
77	2185	1205
126	2178	1205
179	2154	1204
363	2099	1208
721	2061	1214
1059	2033	1221
1397	2002	1228
1676	1981	1231
1940	1967	1231
2203	1961	1222
2450	1958	1207
2695	1959	1190
2918	1963	1175
3155	1964	1175
3378	1966	1175
3608	1969	1176
3840	1972	1176
85	2426	1231
135	2420	1231
186	2394	1240
356	2363	1238
705	2332	1233
1037	2308	1228
1364	2282	1227
1650	2260	1232
1917	2243	1230
2185	2233	1226
2452	2230	1218
2690	2229	1207
2917	2231	1201
3151	2230	1200
3375	2233	1201
3607	2239	1204
3835	2241	1208
133	2645	1260
150	2641	1260
221	2627	1259
372	2605	1257
690	2584	1255
1035	2567	1251
1363	2548	1249
1652	2531	1244
1914	2522	1243
2179	2516	1238
2434	2511	1232
2688	2508	1230
2921	2507	1229
3156	2509	1229
3378	2509	1235
3608	2511	1239
3840	2514	1246
214	2878	1285
234	2875	1285
308	2865	1285
446	2845	1284
714	2829	1281
1059	2811	1278
1373	2797	1275
1677	2782	1274
1934	2773	1269
2197	2769	1268
2451	2764	1264
2686	2762	1263
2929	2760	1263
3165	2761	1265
3387	2763	1240
3612	2768	1219
3848	2767	1241
333	3108	1312
353	3105	1312
424	3097	1312
554	3081	1312
739	3065	1312
1094	3052	1311
1392	3040	1308
1680	3030	1307
1964	3019	1305
2225	3015	1302
2472	3011	1301
2705	3010	1294
2940	3010	1245
3172	3011	1227
3401	3013	1235
3638	3013	1198
3880	3011	1134
342	3330	1341
374	3329	1341
440	3323	1341
593	3313	1340
757	3297	1341
1146	3283	1340
1439	3273	1339
1728	3265	1336
1978	3263	1279
2243	3260	1265
2485	3258	1284
2710	3256	1258
2944	3258	1227
3173	3259	1188
3412	3260	1136
3657	3258	1071
3905	3256	961
340	3569	1318
366	3569	1318
456	3566	1316
631	3561	1311
774	3547	1307
1075	3533	1301
1404	3523	1287
1688	3515	1272
1945	3510	1253
2210	3507	1228
2461	3505	1196
2700	3507	1160
2935	3506	1114
3172	3509	1052
3410	3507	959
3658	3504	906
3909	3504	816
327	3826	1252
353	3825	1251
447	3823	1248
588	3819	1242
757	3812	1233
960	3801	1217
1219	3789	1198
1587	3779	1175
1870	3775	1147
2149	3772	1110
2372	3778	995
2654	3772	960
2906	3770	1011
3153	3766	965
3396	3763	915
3648	3761	876
3921	3759	780
218	4086	1018
220	4088	1018
223	4092	1017
260	4095	1014
414	4095	1013
679	4089	1002
957	4075	986
1358	4057	969
1715	4044	943
2052	4037	914
2346	4034	933
2627	4030	951
2888	4027	930
3105	4031	874
3357	4033	838
3612	4029	795
3872	4023	744
348	184	1362
458	200	1394
766	175	1419
1074	127	1418
1263	126	1415
1559	79	1410
1775	77	1401
1980	76	1394
2198	79	1385
2427	75	1375
2647	81	1366
2861	97	1359
3068	101	1356
3267	127	1354
3464	162	1351
3674	185	1354
3922	208	1337
265	330	1398
349	406	1424
536	410	1442
1005	301	1475
1194	249	1459
1486	207	1446
1724	169	1429
1940	161	1415
2163	156	1401
2445	150	1387
2657	155	1374
2866	169	1364
3065	188	1357
3256	209	1354
3455	227	1351
3668	232	1355
3919	236	1337
184	748	1435
259	714	1454
443	635	1465
792	476	1458
1126	372	1449
1414	336	1436
1673	272	1424
1901	246	1412
2129	233	1400
2373	224	1386
2602	230	1374
2833	242	1365
3047	274	1358
3239	303	1354
3407	334	1351
3672	364	1349
3903	340	1339
112	1081	1447
190	1056	1459
323	963	1465
656	803	1463
971	731	1455
1296	642	1441
1554	604	1425
1800	574	1408
2040	535	1393
2291	518	1380
2531	492	1369
2759	510	1362
2988	532	1356
3192	580	1355
3392	582	1358
3657	548	1346
3881	532	1336
101	1314	1469
176	1284	1476
252	1253	1479
534	1100	1476
901	1037	1469
1230	960	1460
1505	912	1453
1755	879	1434
1999	851	1410
2253	837	1387
2499	827	1373
2727	819	1367
2945	828	1363
3169	865	1363
3412	857	1354
3640	833	1352
3867	833	1346
89	1532	1473
157	1508	1478
226	1483	1476
488	1406	1474
842	1336	1467
1186	1283	1461
1464	1231	1452
1725	1194	1444
1976	1168	1435
2228	1159	1411
2477	1152	1391
2705	1150	1375
2925	1155	1372
3148	1170	1375
3397	1150	1362
3629	1145	1358
3857	1151	1357
84	1739	1474
142	1739	1477
200	1698	1475
468	1655	1473
813	1597	1470
1147	1553	1462
1437	1516	1456
1701	1489	1452
1956	1468	1444
2219	1455	1435
2466	1453	1419
2694	1445	1399
2929	1443	1378
3162	1451	1375
3387	1447	1371
3616	1449	1370
3844	1456	1364
80	1947	1455
135	1938	1456
191	1904	1461
413	1851	1471
766	1821	1474
1097	1790	1468
1419	1763	1465
1685	1738	1461
1943	1723	1455
2205	1713	1449
2465	1706	1446
2703	1706	1419
2921	1707	1395
3154	1716	1388
3377	1716	1384
3608	1724	1385
3838	1725	1382
83	2176	1438
127	2167	1439
182	2135	1442
366	2088	1453
701	2051	1463
1059	2024	1473
1418	1995	1477
1683	1975	1474
1940	1962	1471
2207	1954	1464
2458	1948	1457
2704	1950	1439
2924	1955	1420
3147	1961	1401
3373	1964	1400
3603	1969	1402
3835	1971	1401
87	2422	1454
138	2417	1453
191	2393	1458
356	2360	1455
690	2334	1454
1054	2303	1462
1396	2273	1473
1675	2247	1477
1941	2229	1480
2207	2219	1475
2470	2216	1466
2705	2217	1454
2924	2220	1438
3147	2227	1421
3369	2232	1421
3602	2236	1422
3832	2241	1426
112	2652	1462
153	2640	1472
221	2626	1471
365	2603	1469
679	2583	1468
1005	2569	1468
1354	2548	1463
1655	2528	1465
1925	2514	1468
2195	2504	1468
2453	2503	1469
2700	2500	1461
2925	2503	1454
3150	2507	1442
3373	2508	1444
3606	2513	1449
3835	2515	1451
218	2875	1491
238	2872	1490
310	2862	1490
458	2844	1490
708	2827	1488
1042	2814	1486
1347	2797	1484
1641	2783	1480
1930	2773	1477
2192	2768	1475
2447	2764	1472
2683	2762	1470
2927	2760	1470
3158	2760	1468
3383	2763	1474
3609	2767	1478
3847	2766	1448
331	3106	1512
358	3104	1512
426	3096	1512
550	3081	1511
736	3066	1511
1097	3053	1510
1384	3040	1506
1678	3029	1506
1958	3019	1503
2219	3014	1499
2470	3011	1498
2702	3010	1499
2936	3010	1496
3169	3008	1454
3396	3012	1452
3635	3010	1417
3876	3009	1371
336	3329	1541
387	3328	1541
438	3323	1540
588	3311	1539
752	3293	1536
1067	3286	1537
1421	3275	1536
1719	3266	1533
1974	3262	1513
2237	3257	1485
2478	3258	1486
2705	3254	1466
2939	3256	1442
3167	3257	1414
3407	3257	1375
3652	3255	1324
3899	3254	1244
334	3566	1517
361	3565	1517
450	3562	1516
626	3558	1513
768	3548	1510
1037	3533	1504
1358	3523	1493
1663	3517	1483
1940	3509	1467
2204	3506	1448
2454	3505	1424
2691	3502	1393
2928	3504	1360
3165	3505	1314
3407	3506	1245
3654	3503	1209
3900	3500	1165
309	3825	1470
339	3825	1469
438	3823	1466
579	3818	1463
751	3809	1455
949	3801	1445
1232	3787	1430
1568	3778	1412
1865	3773	1391
2144	3771	1360
2368	3775	1279
2646	3771	1256
2900	3768	1226
3148	3766	1195
3392	3764	1159
3641	3761	1112
3891	3756	1060
215	4082	1303
216	4083	1303
221	4087	1303
246	4093	1303
399	4095	1301
673	4086	1293
956	4071	1280
1338	4056	1263
1720	4045	1242
2043	4037	1221
2338	4033	1197
2620	4030	1168
2879	4026	1133
3132	4025	1093
3376	4023	1047
3629	4020	979
3879	4013	895
396	224	1585
425	257	1609
578	225	1648
1007	166	1649
1192	156	1648
1539	97	1641
1751	95	1637
1958	94	1628
2181	90	1620
2415	85	1611
2637	92	1604
2854	111	1599
3052	111	1594
3255	133	1589
3454	175	1588
3667	196	1588
3922	216	1578
281	347	1626
344	478	1647
515	439	1678
902	332	1715
1136	254	1697
1472	221	1679
1718	186	1667
1928	174	1651
2197	165	1639
2433	158	1626
2649	165	1615
2859	179	1605
3048	200	1595
3244	216	1589
3445	221	1589
3662	225	1588
3917	245	1578
222	723	1666
263	698	1685
451	652	1708
745	499	1699
1081	380	1688
1404	346	1679
1684	281	1668
1898	255	1653
2119	240	1640
2364	231	1626
2597	236	1615
2828	250	1605
3032	289	1596
3226	310	1591
3399	394	1586
3667	369	1585
3901	348	1579
131	1067	1659
200	1027	1670
335	987	1685
613	820	1681
948	737	1675
1286	658	1666
1546	610	1657
1791	581	1644
2033	545	1631
2285	518	1618
2523	509	1607
2754	516	1598
2979	544	1592
3175	589	1588
3383	568	1592
3650	553	1581
3883	529	1577
110	1288	1684
181	1271	1692
270	1226	1700
506	1138	1698
857	1067	1691
1227	976	1683
1490	930	1672
1745	885	1654
1990	864	1636
2243	846	1617
2493	830	1609
2722	817	1603
2938	835	1596
3154	868	1593
3406	838	1592
3635	835	1584
3864	834	1581
101	1510	1706
167	1514	1711
232	1476	1713
469	1408	1710
824	1334	1704
1179	1286	1700
1459	1236	1693
1718	1196	1685
1969	1174	1666
2219	1163	1643
2468	1155	1621
2701	1154	1609
2922	1160	1606
3168	1139	1599
3393	1147	1597
3624	1142	1593
3853	1144	1588
97	1732	1709
152	1735	1713
199	1698	1712
460	1662	1711
786	1597	1705
1117	1558	1700
1432	1519	1694
1696	1490	1688
1949	1468	1678
2211	1455	1672
2461	1453	1653
2690	1446	1631
2925	1446	1611
3157	1450	1607
3381	1453	1602
3610	1452	1599
3844	1461	1599
95	1936	1703
142	1931	1704
195	1897	1709
419	1853	1712
753	1822	1708
1091	1793	1704
1401	1767	1701
1681	1740	1695
1940	1723	1687
2198	1714	1681
2468	1703	1676
2703	1701	1659
2923	1703	1637
3147	1715	1614
3373	1717	1612
3603	1718	1609
3837	1729	1612
93	2161	1685
138	2152	1686
199	2121	1689
377	2079	1698
714	2046	1711
1040	2022	1710
1388	1999	1708
1679	1978	1706
1935	1964	1701
2200	1954	1693
2452	1949	1688
2709	1945	1682
2927	1949	1661
3148	1955	1636
3367	1966	1625
3599	1971	1624
3832	1978	1625
96	2420	1675
142	2415	1675
203	2392	1678
365	2356	1685
691	2326	1696
1075	2298	1707
1409	2265	1718
1687	2243	1718
1943	2226	1711
2206	2216	1705
2468	2211	1700
2711	2206	1695
2934	2212	1683
3153	2218	1660
3366	2233	1643
3597	2238	1640
3830	2244	1643
112	2651	1682
156	2640	1687
216	2627	1686
381	2604	1685
667	2587	1686
1036	2567	1689
1366	2545	1699
1682	2522	1707
1951	2506	1713
2221	2496	1715
2474	2491	1713
2719	2490	1706
2940	2492	1695
3159	2496	1679
3373	2506	1665
3599	2512	1659
3833	2520	1665
214	2876	1701
234	2873	1701
317	2863	1701
460	2845	1700
691	2828	1699
1041	2812	1697
1365	2797	1695
1665	2783	1692
1939	2769	1698
2213	2759	1704
2470	2754	1706
2705	2752	1708
2942	2752	1702
3165	2752	1691
3382	2762	1685
3604	2767	1679
3848	2768	1660
330	3107	1717
350	3105	1717
413	3097	1717
540	3082	1717
723	3066	1718
1065	3055	1717
1380	3042	1714
1659	3033	1712
1957	3020	1708
2215	3013	1704
2464	3011	1702
2702	3011	1706
2931	3006	1697
3164	3009	1682
3391	3011	1663
3631	3011	1639
3878	3013	1608
337	3331	1739
364	3330	1739
426	3327	1739
569	3320	1738
740	3297	1737
1057	3288	1739
1373	3277	1736
1703	3266	1730
1969	3264	1716
2232	3259	1706
2474	3258	1693
2701	3257	1678
2931	3255	1659
3161	3256	1638
3401	3256	1608
3649	3257	1571
3898	3255	1512
317	3571	1725
356	3570	1725
440	3567	1724
611	3563	1722
757	3558	1719
1049	3537	1713
1338	3527	1707
1659	3518	1696
1933	3510	1682
2196	3507	1668
2441	3505	1648
2684	3502	1626
2920	3502	1599
3158	3504	1564
3397	3505	1516
3648	3501	1488
3896	3500	1457
280	3825	1688
348	3824	1687
416	3822	1686
567	3817	1684
741	3812	1678
945	3805	1671
1203	3790	1660
1550	3780	1645
1836	3773	1626
2127	3767	1603
2362	3772	1544
2641	3769	1525
2893	3767	1505
3139	3763	1479
3384	3761	1452
3635	3759	1417
3883	3754	1378
222	4074	1565
223	4075	1566
229	4079	1566
231	4087	1568
384	4090	1564
677	4079	1557
965	4069	1550
1318	4053	1540
1715	4043	1521
2035	4037	1504
2330	4030	1484
2618	4027	1460
2870	4025	1434
3121	4019	1401
3367	4017	1368
3619	4014	1327
3871	4013	1270
358	265	1803
412	305	1829
528	268	1873
940	228	1873
1147	177	1875
1500	127	1872
1728	115	1869
1940	113	1861
2172	110	1854
2397	100	1844
2624	108	1835
2839	118	1828
3041	132	1825
3243	147	1818
3438	184	1809
3686	207	1809
3912	230	1801
296	364	1876
349	489	1899
496	423	1948
800	373	1938
1131	259	1925
1451	244	1912
1692	216	1899
1960	184	1885
2189	178	1874
2413	169	1861
2638	175	1850
2851	189	1836
3038	215	1827
3234	222	1818
3431	225	1809
3681	236	1810
3909	257	1801
244	698	1896
285	674	1914
463	650	1949
687	518	1942
1003	407	1930
1403	361	1918
1657	318	1906
1901	256	1891
2108	246	1879
2351	238	1863
2595	242	1849
2823	260	1835
3020	302	1827
3215	316	1819
3385	406	1804
3664	375	1810
3896	358	1803
157	1031	1890
265	994	1902
373	989	1925
589	880	1920
883	762	1913
1284	668	1901
1538	631	1894
1783	584	1879
2025	555	1867
2276	528	1852
2513	519	1838
2746	530	1825
2956	561	1816
3163	600	1811
3370	587	1808
3642	565	1806
3872	546	1801
114	1285	1890
201	1291	1898
288	1262	1910
506	1155	1906
826	1097	1902
1197	995	1893
1479	946	1884
1732	902	1873
1985	874	1864
2235	849	1849
2484	835	1838
2712	823	1826
2927	851	1820
3145	884	1819
3396	838	1813
3626	839	1808
3855	833	1803
113	1520	1920
176	1524	1926
239	1499	1932
480	1426	1931
808	1351	1930
1134	1299	1923
1446	1247	1914
1705	1212	1902
1953	1188	1882
2208	1171	1861
2457	1158	1837
2691	1149	1829
2911	1173	1828
3163	1149	1828
3384	1139	1818
3614	1149	1815
3845	1150	1812
111	1724	1941
162	1727	1945
206	1696	1950
454	1657	1947
781	1600	1942
1121	1559	1937
1428	1518	1930
1690	1491	1924
1944	1470	1914
2198	1459	1897
2451	1451	1875
2682	1449	1853
2918	1452	1839
3149	1455	1833
3371	1444	1823
3603	1453	1821
3835	1465	1819
107	1926	1944
155	1926	1947
203	1894	1950
430	1856	1946
749	1819	1941
1078	1795	1939
1396	1767	1934
1677	1741	1928
1935	1726	1922
2193	1715	1915
2459	1704	1909
2698	1692	1890
2916	1705	1865
3141	1718	1840
3362	1716	1831
3597	1721	1832
3827	1731	1831
103	2151	1931
148	2141	1932
208	2111	1937
405	2072	1944
719	2043	1946
1070	2021	1944
1401	1996	1940
1674	1979	1940
1930	1966	1934
2193	1955	1925
2450	1948	1918
2701	1943	1912
2925	1946	1897
3146	1954	1870
3357	1967	1845
3592	1972	1844
3821	1972	1841
105	2412	1918
152	2406	1919
213	2384	1922
392	2348	1930
712	2319	1940
1105	2287	1954
1418	2263	1953
1682	2242	1948
1938	2228	1942
2199	2215	1934
2464	2209	1928
2706	2206	1925
2934	2205	1921
3154	2211	1899
3366	2224	1876
3589	2240	1856
3822	2240	1856
114	2652	1906
163	2642	1909
226	2629	1908
396	2605	1909
695	2580	1918
1066	2560	1933
1379	2537	1945
1675	2519	1959
1960	2502	1953
2221	2493	1947
2470	2488	1942
2716	2486	1938
2943	2483	1934
3169	2489	1924
3379	2498	1902
3599	2511	1882
3824	2516	1875
210	2877	1919
231	2875	1919
303	2865	1918
462	2849	1918
715	2828	1917
1066	2813	1914
1341	2798	1923
1679	2778	1936
1970	2762	1947
2239	2749	1952
2495	2742	1955
2725	2740	1956
2958	2739	1948
3180	2744	1938
3391	2751	1922
3609	2763	1903
3838	2766	1870
327	3110	1934
346	3108	1934
414	3099	1934
529	3087	1934
734	3068	1933
1082	3055	1929
1363	3045	1929
1662	3031	1923
1951	3021	1926
2234	3009	1935
2491	3002	1941
2725	2998	1946
2953	2998	1942
3184	3001	1924
3400	3005	1896
3629	3011	1861
3869	3009	1829
338	3332	1950
354	3330	1950
427	3325	1950
556	3319	1950
773	3303	1949
1074	3288	1948
1341	3279	1946
1683	3271	1932
1963	3265	1927
2227	3261	1919
2459	3256	1906
2694	3257	1896
2926	3257	1880
3156	3258	1860
3395	3259	1835
3642	3258	1803
3891	3254	1757
326	3573	1940
363	3573	1940
412	3570	1938
584	3562	1936
748	3556	1935
1060	3539	1929
1318	3529	1923
1642	3522	1916
1918	3512	1903
2188	3510	1890
2434	3507	1874
2677	3505	1854
2914	3505	1831
3151	3506	1800
3389	3503	1766
3641	3503	1749
3888	3497	1722
315	3828	1910
356	3828	1910
397	3826	1909
551	3822	1907
722	3816	1901
930	3808	1895
1188	3793	1886
1528	3784	1874
1829	3777	1859
2116	3772	1838
2352	3774	1793
2636	3770	1779
2885	3766	1762
3133	3764	1741
3373	3758	1717
3627	3758	1694
3879	3754	1664
229	4075	1818
231	4076	1819
237	4081	1820
250	4089	1821
380	4095	1815
665	4084	1809
958	4073	1802
1319	4056	1792
1705	4046	1779
2026	4037	1765
2324	4033	1749
2607	4026	1729
2860	4022	1706
3111	4018	1684
3358	4017	1656
3612	4014	1625
3867	4013	1590
320	306	2023
399	313	2046
478	313	2109
852	245	2109
1184	200	2106
1482	154	2104
1702	138	2099
1915	137	2094
2150	123	2087
2383	119	2078
2614	124	2073
2826	136	2063
3027	149	2058
3229	162	2050
3426	200	2039
3677	213	2036
3900	244	2031
307	414	2098
348	427	2111
477	441	2179
755	391	2172
1127	316	2158
1432	266	2146
1737	236	2134
1937	200	2123
2165	187	2110
2398	184	2098
2628	190	2090
2834	204	2073
3024	231	2060
3220	240	2050
3420	230	2039
3672	242	2037
3898	273	2031
251	683	2132
310	694	2151
475	646	2206
672	538	2196
1072	433	2181
1362	377	2168
1670	332	2153
1867	264	2136
2099	252	2120
2345	249	2103
2583	256	2089
2813	273	2072
3006	313	2061
3203	327	2052
3372	411	2030
3655	382	2037
3885	371	2031
181	951	2129
279	960	2141
377	959	2177
565	838	2168
870	787	2161
1241	680	2149
1517	625	2135
1776	590	2120
2017	563	2103
2264	538	2086
2505	534	2074
2738	546	2060
2940	579	2049
3153	609	2041
3356	592	2033
3632	576	2037
3857	561	2031
155	1269	2124
211	1272	2133
266	1247	2154
520	1141	2148
844	1080	2143
1168	985	2135
1455	937	2124
1723	905	2112
1974	870	2096
2228	855	2085
2477	847	2074
2705	843	2060
2917	874	2051
3136	880	2044
3389	838	2047
3620	829	2042
3845	848	2033
132	1519	2129
185	1521	2135
239	1500	2148
493	1418	2145
758	1363	2139
1127	1308	2134
1412	1253	2124
1688	1225	2111
1944	1195	2094
2197	1183	2082
2452	1171	2071
2687	1170	2063
2902	1184	2054
3157	1150	2058
3375	1143	2050
3606	1140	2047
3834	1158	2037
120	1722	2163
165	1724	2168
225	1704	2173
460	1648	2172
756	1603	2174
1114	1562	2172
1414	1522	2166
1678	1498	2154
1929	1478	2135
2187	1459	2115
2440	1456	2092
2673	1470	2069
2913	1453	2068
3143	1455	2062
3365	1450	2055
3594	1462	2050
3825	1463	2045
119	1919	2183
165	1921	2186
218	1894	2189
434	1846	2191
749	1821	2191
1057	1792	2185
1389	1768	2182
1670	1742	2174
1929	1726	2166
2188	1716	2157
2454	1706	2145
2689	1694	2120
2909	1711	2091
3136	1721	2069
3357	1721	2063
3588	1724	2057
3816	1731	2053
120	2144	2185
162	2135	2186
209	2105	2190
433	2070	2197
725	2041	2193
1062	2021	2191
1388	2001	2191
1667	1980	2185
1926	1966	2178
2189	1955	2169
2450	1949	2163
2697	1944	2156
2918	1946	2136
3141	1955	2107
3353	1966	2075
3580	1968	2066
3813	1972	2067
122	2403	2176
172	2397	2178
222	2378	2176
420	2339	2184
728	2314	2198
1086	2290	2202
1411	2265	2198
1674	2242	2190
1934	2228	2187
2198	2217	2178
2459	2211	2172
2702	2207	2166
2928	2203	2159
3153	2209	2145
3365	2221	2115
3584	2237	2086
3812	2245	2079
124	2647	2150
180	2638	2151
235	2622	2155
429	2598	2162
730	2573	2174
1085	2554	2192
1386	2531	2206
1681	2515	2201
1958	2503	2198
2217	2495	2191
2465	2489	2184
2710	2485	2178
2939	2484	2174
3169	2484	2171
3383	2492	2152
3597	2502	2122
3816	2512	2097
215	2876	2149
236	2873	2149
302	2862	2148
452	2844	2146
752	2826	2150
1078	2808	2166
1371	2790	2181
1704	2770	2198
1982	2753	2208
2244	2745	2201
2495	2743	2199
2719	2738	2193
2957	2738	2190
3186	2739	2189
3402	2742	2180
3614	2753	2149
3839	2761	2106
325	3109	2162
344	3107	2162
412	3098	2161
530	3086	2160
775	3068	2158
1098	3055	2157
1383	3042	2152
1679	3027	2167
1979	3013	2185
2263	2999	2196
2521	2994	2209
2749	2988	2213
2975	2990	2206
3202	2990	2189
3418	2996	2163
3642	2998	2122
3871	3003	2074
347	3333	2178
357	3331	2178
424	3324	2177
533	3314	2176
787	3305	2175
1075	3290	2175
1335	3279	2170
1686	3273	2158
1963	3266	2153
2225	3259	2152
2477	3254	2157
2718	3250	2156
2952	3249	2148
3179	3248	2130
3411	3248	2101
3648	3251	2061
3882	3250	2005
368	3576	2170
369	3575	2170
398	3573	2169
537	3568	2168
769	3555	2165
1051	3542	2158
1287	3530	2153
1645	3521	2145
1910	3513	2134
2178	3512	2124
2429	3508	2107
2670	3507	2090
2906	3506	2068
3142	3504	2041
3380	3506	2021
3627	3498	2000
3877	3494	1979
349	3833	2146
363	3833	2146
377	3830	2145
522	3826	2143
700	3822	2139
898	3806	2131
1182	3792	2120
1537	3784	2110
1831	3779	2096
2065	3781	2058
2345	3777	2046
2629	3772	2033
2879	3768	2017
3122	3761	1996
3365	3759	1977
3616	3755	1956
3869	3752	1929
251	4075	2068
252	4076	2068
260	4081	2070
278	4090	2073
372	4095	2068
650	4091	2063
920	4078	2057
1307	4057	2046
1696	4048	2036
2017	4040	2022
2314	4035	2009
2598	4028	1990
2851	4023	1971
3103	4020	1949
3347	4017	1926
3603	4016	1899
3852	4010	1868
350	346	2261
410	352	2284
470	358	2362
763	343	2370
1150	237	2368
1456	188	2364
1672	165	2362
1893	156	2355
2133	147	2347
2367	144	2336
2605	149	2332
2817	159	2323
3015	172	2317
3217	179	2304
3416	202	2291
3670	219	2289
3891	261	2282
318	463	2336
358	478	2357
464	459	2415
710	433	2420
1078	345	2413
1388	296	2404
1709	252	2395
1916	219	2384
2144	206	2371
2381	204	2358
2619	207	2351
2825	226	2335
3012	254	2319
3208	281	2304
3410	283	2291
3665	305	2289
3888	288	2282
276	686	2389
335	697	2406
458	621	2464
657	555	2462
982	452	2450
1320	405	2436
1650	345	2420
1868	282	2403
2083	265	2386
2333	264	2366
2582	265	2351
2799	292	2333
2995	336	2320
3157	374	2285
3358	382	2274
3647	391	2289
3876	384	2282
234	910	2385
316	917	2397
398	940	2439
562	884	2436
866	801	2429
1213	693	2415
1494	639	2401
1759	609	2386
2007	571	2366
2256	549	2346
2496	557	2330
2724	566	2312
2930	604	2301
3138	631	2286
3397	597	2298
3624	617	2290
3854	575	2283
166	1233	2383
231	1240	2392
295	1244	2421
534	1161	2416
825	1098	2408
1142	1012	2399
1455	949	2389
1719	914	2376
1969	880	2358
2220	865	2341
2467	858	2326
2696	863	2312
2911	890	2301
3127	894	2291
3383	849	2302
3610	844	2293
3839	859	2288
133	1503	2381
203	1506	2387
274	1502	2404
507	1434	2400
739	1376	2393
1101	1327	2386
1415	1276	2377
1684	1237	2368
1937	1204	2353
2192	1183	2338
2445	1181	2324
2679	1183	2313
2896	1198	2305
3151	1158	2312
3371	1146	2303
3597	1151	2297
3827	1171	2290
130	1727	2391
187	1729	2395
244	1717	2404
486	1665	2403
729	1620	2399
1082	1583	2398
1390	1544	2391
1658	1516	2380
1920	1487	2365
2173	1479	2341
2430	1476	2326
2683	1460	2330
2910	1465	2324
3137	1459	2315
3360	1458	2306
3587	1460	2300
3818	1472	2296
128	1922	2422
180	1924	2425
233	1902	2428
455	1864	2427
727	1838	2431
1036	1803	2433
1381	1774	2432
1662	1750	2426
1918	1733	2413
2179	1720	2400
2440	1718	2382
2679	1711	2357
2903	1727	2334
3130	1724	2321
3352	1724	2313
3581	1730	2307
3811	1738	2305
124	2146	2439
176	2138	2440
248	2107	2443
443	2079	2445
719	2050	2452
1017	2025	2448
1376	2004	2449
1659	1986	2446
1915	1969	2436
2183	1958	2429
2438	1951	2421
2691	1951	2410
2913	1956	2386
3133	1961	2353
3348	1970	2321
3575	1975	2316
3808	1980	2316
129	2400	2443
183	2395	2444
234	2379	2438
431	2344	2446
744	2318	2458
1057	2296	2458
1382	2271	2456
1667	2249	2449
1928	2230	2442
2192	2220	2435
2456	2214	2429
2698	2211	2423
2924	2208	2417
3148	2211	2400
3359	2225	2371
3578	2241	2339
3808	2253	2326
141	2643	2423
194	2635	2420
248	2619	2424
441	2593	2432
768	2572	2444
1064	2553	2462
1376	2535	2461
1686	2519	2457
1944	2507	2452
2212	2495	2443
2463	2492	2438
2708	2488	2433
2936	2487	2428
3165	2487	2423
3381	2492	2413
3597	2504	2383
3815	2515	2353
220	2877	2398
242	2873	2399
305	2860	2402
476	2843	2410
786	2824	2422
1096	2805	2438
1408	2786	2454
1704	2768	2465
1970	2756	2459
2244	2747	2454
2490	2743	2448
2718	2743	2445
2956	2744	2444
3182	2742	2440
3402	2745	2437
3620	2749	2414
3847	2758	2377
326	3112	2408
345	3109	2408
413	3101	2407
536	3086	2405
776	3071	2404
1116	3055	2411
1402	3041	2428
1691	3024	2444
2001	3006	2460
2283	2995	2467
2526	2993	2463
2751	2994	2464
2968	2992	2453
3200	2992	2445
3422	2991	2432
3654	2990	2410
3883	2997	2368
347	3335	2421
364	3333	2421
422	3327	2420
568	3316	2419
822	3307	2419
1098	3292	2416
1372	3285	2410
1668	3278	2409
1969	3265	2422
2254	3253	2431
2510	3246	2441
2746	3245	2448
2975	3239	2442
3200	3239	2428
3430	3236	2405
3664	3238	2371
3898	3239	2315
368	3580	2419
383	3580	2419
407	3578	2419
535	3570	2416
790	3556	2413
1015	3546	2410
1255	3535	2404
1616	3524	2397
1898	3519	2389
2167	3514	2379
2428	3512	2372
2681	3506	2375
2925	3501	2369
3164	3496	2351
3400	3491	2334
3645	3487	2310
3884	3488	2277
355	3837	2404
366	3838	2404
393	3836	2404
502	3832	2401
672	3826	2398
872	3810	2392
1145	3799	2385
1486	3792	2377
1807	3785	2364
2059	3785	2334
2344	3779	2321
2623	3772	2305
2873	3769	2291
3117	3765	2275
3359	3760	2255
3606	3755	2231
3857	3752	2208
275	4076	2347
278	4077	2348
289	4082	2350
304	4090	2354
367	4095	2344
636	4093	2339
906	4080	2334
1280	4062	2325
1669	4052	2314
2009	4041	2299
2305	4033	2283
2583	4026	2265
2845	4026	2250
3094	4020	2228
3340	4019	2206
3589	4014	2181
3843	4012	2151
380	387	2501
421	414	2520
462	396	2586
655	377	2613
1113	290	2609
1376	237	2607
1641	201	2605
1878	182	2600
2111	179	2593
2341	169	2584
2586	174	2577
2799	182	2569
3003	191	2565
3205	201	2551
3405	218	2535
3662	235	2537
3881	280	2528
353	507	2564
408	508	2582
452	487	2638
642	475	2656
1049	398	2650
1340	321	2644
1668	268	2637
1893	238	2630
2124	233	2618
2355	231	2606
2602	235	2594
2805	251	2581
2999	273	2565
3198	293	2551
3399	311	2535
3657	314	2538
3876	309	2528
311	728	2636
388	686	2648
450	644	2698
638	572	2710
978	474	2699
1303	406	2684
1614	334	2669
1870	293	2651
2090	288	2636
2324	293	2616
2569	297	2596
2773	321	2578
2982	354	2563
3141	386	2528
3345	417	2516
3640	394	2539
3866	406	2529
262	949	2633
272	954	2643
405	921	2681
554	860	2686
832	797	2674
1209	718	2661
1499	655	2647
1756	615	2632
1999	582	2614
2243	574	2590
2487	579	2572
2706	596	2555
2915	633	2541
3128	652	2530
3391	628	2548
3617	629	2541
3845	599	2532
191	1232	2630
258	1244	2638
325	1242	2664
529	1142	2664
806	1084	2655
1157	1016	2644
1450	959	2633
1707	932	2622
1960	894	2604
2210	882	2584
2458	880	2568
2689	885	2555
2900	910	2542
3162	913	2561
3378	892	2549
3605	863	2541
3830	883	2534
174	1506	2627
237	1505	2633
300	1482	2654
507	1429	2649
714	1358	2638
1081	1324	2631
1411	1285	2623
1672	1245	2608
1929	1212	2595
2184	1204	2582
2439	1202	2567
2672	1197	2553
2887	1208	2543
3146	1174	2560
3366	1159	2551
3591	1173	2542
3821	1190	2536
142	1732	2624
209	1734	2629
276	1723	2641
490	1673	2636
705	1641	2629
1068	1591	2621
1382	1554	2614
1642	1525	2602
1910	1507	2591
2166	1496	2580
2425	1489	2565
2679	1472	2574
2905	1470	2568
3134	1466	2561
3354	1472	2552
3581	1482	2544
3811	1481	2539
137	1924	2637
199	1927	2641
271	1913	2645
457	1879	2642
685	1842	2639
1028	1814	2640
1375	1785	2637
1640	1762	2630
1902	1747	2617
2165	1735	2610
2428	1731	2592
2670	1730	2576
2896	1729	2570
3127	1731	2565
3347	1732	2554
3574	1739	2549
3805	1744	2545
140	2148	2665
189	2143	2666
258	2115	2668
477	2085	2668
696	2051	2670
1049	2032	2679
1327	2009	2682
1646	1987	2683
1911	1972	2676
2175	1964	2664
2434	1961	2648
2679	1960	2628
2898	1962	2601
3122	1971	2574
3343	1977	2561
3570	1978	2555
3803	1989	2554
144	2399	2685
194	2395	2686
245	2384	2679
428	2360	2684
707	2321	2691
1071	2296	2702
1364	2272	2699
1665	2248	2694
1925	2236	2688
2188	2225	2681
2453	2215	2673
2694	2211	2666
2915	2209	2655
3140	2223	2631
3351	2233	2597
3571	2248	2567
3801	2258	2561
152	2640	2677
209	2635	2671
257	2619	2674
453	2596	2682
733	2574	2692
1075	2552	2706
1389	2537	2704
1667	2523	2700
1945	2506	2692
2210	2497	2685
2460	2493	2680
2707	2491	2675
2933	2491	2671
3163	2493	2667
3374	2494	2649
3592	2509	2619
3813	2521	2590
231	2877	2654
253	2873	2656
332	2861	2660
493	2841	2666
755	2818	2676
1105	2803	2692
1418	2783	2709
1686	2771	2706
1977	2760	2702
2240	2752	2696
2488	2748	2690
2723	2746	2686
2951	2745	2681
3179	2747	2679
3392	2747	2671
3625	2750	2664
3845	2756	2624
323	3113	2644
351	3110	2644
424	3102	2643
545	3084	2645
777	3071	2655
1134	3052	2668
1436	3035	2685
1710	3020	2703
2015	3006	2711
2267	2999	2705
2527	2996	2701
2742	2994	2695
2968	2994	2690
3191	2994	2683
3416	2992	2675
3654	2990	2666
3884	2988	2636
358	3336	2653
377	3334	2653
435	3327	2652
535	3315	2650
804	3304	2649
1119	3296	2645
1410	3285	2653
1687	3274	2669
1985	3262	2686
2267	3249	2701
2527	3242	2704
2743	3240	2696
2970	3242	2689
3193	3239	2677
3428	3236	2663
3670	3234	2648
3909	3228	2614
385	3585	2655
410	3584	2655
435	3582	2654
525	3575	2653
770	3562	2650
999	3547	2647
1279	3538	2644
1637	3529	2639
1895	3523	2631
2180	3513	2641
2450	3503	2650
2704	3496	2658
2950	3491	2660
3187	3485	2653
3426	3478	2642
3670	3478	2629
3903	3474	2593
360	3835	2645
371	3837	2646
409	3839	2647
476	3834	2646
653	3830	2643
866	3820	2638
1108	3802	2631
1448	3795	2623
1787	3787	2612
2054	3786	2592
2332	3780	2581
2613	3773	2568
2878	3763	2573
3137	3758	2576
3381	3748	2567
3633	3746	2554
3877	3742	2529
301	4073	2607
303	4075	2608
311	4079	2610
324	4087	2614
361	4095	2603
625	4094	2600
906	4080	2594
1217	4064	2587
1664	4052	2579
1986	4042	2565
2297	4035	2553
2582	4030	2540
2836	4026	2525
3087	4023	2509
3330	4019	2491
3582	4016	2472
3833	4011	2449
410	425	2730
443	428	2746
476	470	2802
560	426	2845
962	382	2843
1367	277	2839
1598	249	2835
1863	222	2832
2086	208	2826
2317	200	2818
2569	191	2811
2793	213	2805
2994	218	2801
3190	224	2782
3405	237	2770
3655	250	2776
3870	303	2763
388	520	2783
440	538	2799
472	522	2855
621	520	2892
940	423	2885
1367	345	2876
1614	297	2869
1871	267	2860
2103	259	2850
2339	248	2838
2584	267	2829
2802	278	2817
2991	297	2801
3184	316	2783
3400	339	2770
3652	324	2776
3866	331	2763
360	699	2871
410	766	2885
464	667	2926
653	602	2953
918	496	2942
1271	413	2926
1605	345	2909
1830	313	2893
2068	310	2873
2310	312	2851
2559	329	2832
2773	343	2816
2977	375	2800
3128	408	2758
3409	441	2785
3639	397	2775
3852	430	2763
300	1008	2866
311	994	2878
412	938	2912
546	836	2930
800	798	2913
1201	725	2900
1493	658	2886
1741	645	2865
1990	606	2843
2238	605	2822
2473	605	2805
2701	630	2788
2906	658	2773
3118	672	2760
3387	658	2788
3617	640	2778
3834	616	2767
241	1225	2860
296	1222	2869
351	1243	2900
524	1152	2906
800	1095	2897
1120	1038	2886
1441	987	2870
1693	944	2853
1952	919	2837
2201	905	2816
2448	898	2802
2680	906	2787
2892	936	2771
3157	925	2797
3373	918	2786
3599	883	2779
3823	885	2768
218	1506	2857
267	1508	2863
316	1467	2888
503	1427	2891
691	1383	2877
1061	1328	2868
1402	1294	2858
1665	1253	2845
1925	1230	2830
2176	1221	2813
2428	1215	2799
2665	1218	2784
2915	1215	2805
3143	1185	2797
3361	1178	2787
3587	1189	2780
3814	1205	2770
183	1719	2856
238	1723	2861
292	1727	2879
489	1679	2875
686	1636	2863
1024	1593	2856
1378	1565	2849
1638	1530	2835
1904	1515	2823
2159	1506	2809
2414	1500	2795
2677	1474	2813
2901	1475	2803
3132	1475	2797
3351	1484	2788
3578	1495	2781
3804	1489	2772
162	1927	2857
228	1928	2861
279	1919	2867
459	1890	2860
676	1858	2858
1017	1826	2847
1338	1800	2839
1614	1778	2831
1875	1759	2837
2154	1744	2827
2417	1738	2820
2668	1734	2812
2893	1733	2804
3124	1734	2798
3343	1739	2789
3571	1746	2783
3799	1749	2777
166	2157	2873
219	2157	2875
271	2137	2876
442	2109	2872
673	2070	2880
1038	2048	2883
1352	2021	2884
1620	2001	2880
1889	1986	2874
2157	1978	2861
2419	1973	2846
2661	1971	2825
2887	1974	2804
3117	1978	2799
3340	1981	2793
3568	1987	2789
3798	1991	2783
170	2407	2908
200	2402	2909
275	2392	2898
424	2361	2902
683	2334	2909
1060	2304	2916
1366	2280	2922
1656	2254	2925
1918	2236	2922
2186	2224	2915
2448	2221	2902
2684	2219	2883
2905	2225	2862
3130	2235	2839
3344	2245	2809
3567	2257	2793
3797	2262	2790
190	2639	2912
224	2635	2902
298	2620	2906
443	2596	2912
698	2578	2921
1073	2557	2935
1393	2536	2941
1672	2518	2934
1948	2507	2930
2207	2499	2922
2458	2493	2916
2700	2492	2911
2930	2491	2906
3156	2492	2896
3367	2504	2867
3588	2516	2839
3796	2534	2806
263	2871	2896
269	2867	2897
354	2856	2900
510	2835	2907
776	2821	2917
1123	2801	2931
1416	2784	2948
1698	2769	2941
1982	2757	2936
2240	2752	2930
2487	2749	2926
2713	2745	2919
2945	2744	2913
3175	2746	2909
3395	2751	2907
3618	2750	2892
3846	2756	2856
336	3116	2880
357	3113	2881
435	3102	2885
553	3083	2892
815	3065	2903
1173	3048	2917
1455	3032	2934
1736	3017	2950
2013	3006	2945
2282	2998	2938
2517	2997	2935
2740	2995	2928
2962	2994	2923
3192	2994	2918
3414	2995	2916
3650	2988	2907
3888	2985	2892
369	3339	2879
388	3337	2879
449	3331	2879
537	3320	2878
785	3309	2878
1139	3297	2893
1427	3280	2905
1719	3268	2922
1994	3255	2940
2281	3247	2949
2514	3243	2942
2738	3244	2938
2964	3241	2930
3188	3241	2923
3424	3238	2913
3665	3233	2901
3912	3228	2898
402	3588	2885
422	3587	2884
441	3585	2884
521	3580	2883
755	3566	2882
982	3550	2879
1303	3541	2875
1617	3531	2875
1921	3518	2892
2204	3506	2908
2473	3497	2925
2719	3489	2933
2952	3488	2925
3184	3484	2913
3422	3481	2904
3667	3475	2890
3914	3473	2878
370	3835	2879
383	3836	2880
419	3840	2882
467	3838	2881
622	3832	2877
821	3824	2874
1080	3807	2871
1447	3799	2865
1729	3798	2850
2040	3789	2841
2340	3777	2843
2644	3765	2858
2907	3754	2870
3163	3744	2876
3412	3739	2879
3660	3733	2866
3906	3734	2847
338	4077	2863
340	4079	2864
350	4083	2866
364	4092	2870
368	4095	2856
608	4095	2854
895	4086	2847
1195	4066	2840
1642	4054	2831
1977	4043	2820
2279	4036	2809
2572	4033	2799
2826	4027	2783
3095	4018	2788
3352	4016	2792
3608	4006	2782
3860	4002	2766
463	459	2957
481	465	2971
506	488	3022
532	460	3078
907	431	3076
1274	340	3072
1537	307	3067
1840	258	3063
2079	244	3057
2296	231	3052
2540	209	3044
2778	232	3040
2993	233	3028
3186	271	3013
3421	273	3019
3642	275	3007
3867	331	2997
448	534	3005
477	554	3019
492	554	3069
600	541	3122
882	445	3115
1315	377	3108
1590	339	3099
1846	298	3090
2094	289	3082
2321	266	3073
2567	283	3061
2781	305	3049
2988	313	3028
3182	333	3013
3415	343	3019
3639	351	3007
3863	359	2998
410	671	3101
413	671	3114
478	670	3160
566	623	3190
857	511	3178
1240	414	3163
1525	371	3148
1824	361	3128
2074	346	3108
2310	353	3087
2548	357	3064
2751	378	3047
2971	392	3026
3117	471	2980
3403	452	3019
3628	439	3008
3849	457	2999
354	967	3097
352	972	3108
423	955	3146
532	844	3169
768	830	3150
1165	753	3132
1460	692	3114
1725	656	3093
1979	648	3074
2222	645	3053
2459	627	3032
2680	646	3015
2896	685	2996
3105	689	2980
3384	683	3022
3607	657	3011
3833	650	3004
267	1239	3092
310	1241	3101
354	1245	3132
517	1206	3151
699	1137	3131
1116	1054	3115
1399	999	3099
1679	954	3083
1944	943	3065
2191	938	3048
2436	923	3030
2667	936	3012
2882	937	2997
3154	888	3032
3371	884	3020
3593	903	3010
3821	906	3004
261	1499	3090
298	1503	3097
335	1524	3121
502	1466	3129
668	1413	3112
994	1335	3099
1348	1280	3088
1640	1266	3075
1911	1243	3057
2171	1233	3041
2419	1217	3027
2658	1240	3008
2912	1225	3038
3139	1196	3029
3359	1191	3020
3582	1211	3010
3813	1219	3004
225	1715	3088
269	1718	3093
314	1729	3111
477	1697	3110
660	1654	3096
994	1606	3089
1354	1574	3076
1630	1546	3065
1901	1528	3051
2158	1522	3038
2431	1496	3056
2675	1483	3046
2900	1487	3038
3129	1485	3028
3348	1499	3020
3573	1492	3010
3803	1493	3004
188	1926	3086
251	1928	3090
305	1926	3099
461	1908	3090
652	1881	3085
958	1834	3077
1331	1808	3067
1604	1787	3057
1881	1766	3070
2154	1755	3062
2411	1747	3054
2662	1742	3045
2891	1739	3035
3119	1741	3027
3342	1749	3020
3567	1752	3012
3798	1758	3009
168	2161	3108
232	2164	3112
296	2151	3113
455	2142	3093
659	2107	3091
986	2065	3087
1335	2040	3080
1585	2021	3074
1867	2002	3069
2146	1992	3062
2400	1987	3053
2662	1982	3042
2886	1981	3034
3115	1983	3029
3339	1988	3023
3563	1991	3015
3797	2000	3013
187	2416	3118
225	2416	3120
306	2409	3106
438	2380	3110
660	2354	3113
1014	2326	3117
1338	2298	3118
1623	2278	3119
1895	2259	3114
2171	2247	3107
2430	2242	3093
2663	2240	3076
2893	2244	3058
3117	2251	3036
3337	2257	3025
3565	2261	3019
3795	2268	3018
205	2648	3137
242	2644	3124
327	2631	3127
459	2611	3134
685	2592	3140
1026	2568	3146
1362	2544	3151
1685	2524	3159
1947	2512	3164
2211	2504	3162
2457	2497	3152
2694	2498	3139
2921	2500	3120
3142	2506	3095
3357	2516	3070
3575	2525	3043
3795	2540	3022
278	2877	3128
294	2875	3129
371	2867	3133
479	2845	3140
736	2828	3151
1090	2805	3160
1437	2787	3172
1718	2770	3177
1985	2759	3172
2244	2754	3165
2486	2749	3158
2714	2748	3152
2947	2748	3146
3175	2750	3142
3388	2750	3134
3610	2756	3107
3839	2761	3077
366	3115	3119
389	3112	3121
415	3102	3125
567	3083	3132
759	3065	3143
1152	3047	3156
1500	3029	3170
1762	3013	3182
2023	3005	3177
2284	3001	3173
2524	2997	3164
2736	2996	3162
2961	2996	3160
3190	2996	3159
3408	2993	3153
3647	2990	3151
3882	2986	3132
375	3342	3104
398	3341	3103
457	3341	3103
541	3328	3111
782	3309	3123
1090	3293	3136
1429	3279	3152
1753	3265	3172
2003	3254	3191
2275	3249	3187
2510	3244	3182
2731	3244	3179
2959	3243	3175
3187	3241	3168
3419	3238	3163
3662	3234	3155
3904	3226	3150
396	3589	3116
393	3588	3116
432	3585	3115
515	3581	3114
745	3570	3114
961	3555	3112
1281	3542	3117
1621	3528	3137
1935	3515	3159
2216	3502	3176
2478	3495	3192
2710	3491	3183
2941	3487	3174
3178	3484	3168
3417	3483	3161
3665	3478	3151
3906	3472	3137
376	3833	3126
388	3835	3115
405	3840	3118
458	3843	3121
592	3836	3118
789	3828	3114
1053	3815	3111
1327	3809	3102
1714	3799	3096
2055	3782	3107
2381	3769	3128
2666	3754	3146
2928	3744	3163
3170	3741	3155
3407	3736	3141
3657	3733	3130
3901	3729	3115
367	4073	3110
368	4074	3111
373	4078	3113
378	4086	3118
390	4095	3101
603	4095	3101
858	4085	3097
1179	4069	3090
1585	4056	3082
1949	4045	3071
2282	4039	3063
2565	4031	3065
2854	4020	3081
3126	4011	3095
3380	4000	3099
3641	3994	3099
3892	3991	3088
481	494	3183
509	503	3195
536	506	3240
558	505	3303
890	480	3303
1133	405	3299
1477	368	3296
1826	306	3290
2074	282	3286
2293	268	3280
2527	244	3275
2779	256	3268
2978	269	3258
3176	274	3239
3421	280	3249
3633	305	3239
3860	362	3226
472	555	3224
493	571	3237
508	585	3281
616	550	3344
839	514	3340
1193	446	3332
1522	368	3325
1828	358	3315
2085	332	3309
2311	294	3300
2537	312	3293
2778	325	3276
2975	358	3257
3171	364	3238
3418	371	3248
3630	380	3239
3855	389	3226
429	643	3322
470	756	3334
481	682	3377
634	675	3426
788	527	3413
1099	488	3395
1482	430	3374
1810	409	3354
2059	381	3335
2304	379	3314
2520	384	3293
2754	395	3273
2897	448	3216
3102	534	3200
3402	535	3248
3619	516	3238
3840	486	3226
386	932	3319
392	941	3329
435	970	3365
533	928	3405
714	897	3373
1059	797	3355
1441	696	3335
1688	682	3315
1956	687	3296
2203	685	3272
2440	670	3254
2673	699	3235
2885	713	3216
3166	704	3265
3378	698	3251
3601	690	3240
3826	661	3232
314	1254	3316
327	1261	3324
372	1273	3353
525	1252	3380
678	1171	3354
1013	1072	3340
1349	1038	3323
1657	967	3306
1901	954	3287
2180	947	3267
2423	934	3250
2659	966	3232
2925	937	3272
3151	907	3263
3366	917	3251
3591	925	3240
3816	927	3231
290	1504	3315
314	1510	3322
355	1529	3344
515	1508	3358
675	1448	3336
988	1370	3323
1294	1321	3310
1616	1282	3296
1882	1265	3280
2155	1240	3264
2402	1254	3246
2683	1230	3279
2910	1210	3270
3137	1220	3259
3354	1213	3249
3582	1227	3241
3806	1213	3230
264	1714	3312
301	1718	3317
337	1731	3335
465	1715	3338
671	1698	3320
964	1621	3310
1271	1584	3298
1623	1565	3286
1877	1537	3274
2137	1528	3258
2423	1502	3285
2675	1494	3276
2898	1499	3267
3124	1503	3256
3344	1507	3247
3571	1505	3239
3798	1512	3230
209	1926	3312
269	1929	3316
315	1934	3327
464	1921	3315
646	1884	3310
941	1846	3300
1286	1817	3291
1597	1797	3308
1873	1776	3299
2152	1764	3290
2413	1755	3283
2659	1752	3273
2888	1748	3261
3117	1754	3255
3338	1753	3245
3565	1760	3240
3795	1767	3235
207	2160	3337
259	2163	3340
312	2162	3344
461	2157	3322
660	2140	3319
955	2071	3313
1301	2046	3308
1570	2030	3302
1864	2011	3296
2144	1999	3288
2405	1994	3280
2646	1991	3271
2881	1989	3262
3113	1992	3255
3334	1994	3246
3562	2003	3242
3789	2007	3234
214	2422	3336
249	2424	3338
318	2424	3320
462	2399	3318
674	2376	3316
969	2346	3312
1303	2323	3308
1597	2299	3301
1865	2280	3292
2145	2267	3286
2403	2264	3279
2652	2259	3270
2883	2259	3264
3114	2261	3257
3334	2264	3249
3563	2272	3245
3791	2271	3239
220	2659	3339
261	2659	3324
339	2646	3326
494	2631	3330
695	2607	3336
979	2587	3341
1330	2563	3341
1637	2545	3343
1907	2533	3345
2162	2522	3341
2440	2516	3332
2678	2517	3321
2905	2518	3304
3130	2524	3284
3344	2531	3261
3569	2539	3250
3796	2543	3245
293	2886	3341
320	2884	3342
389	2874	3345
507	2856	3350
701	2838	3357
1057	2819	3364
1393	2800	3372
1700	2782	3381
1976	2766	3386
2231	2757	3388
2493	2756	3386
2713	2752	3376
2944	2754	3368
3164	2759	3346
3376	2764	3328
3600	2769	3309
3831	2771	3285
377	3118	3341
397	3117	3342
427	3109	3346
544	3094	3352
726	3072	3362
1131	3057	3374
1473	3037	3385
1761	3018	3398
2039	3009	3404
2281	3003	3396
2513	3002	3390
2734	3002	3389
2961	3003	3390
3181	3002	3390
3409	2998	3388
3644	2993	3385
3873	2994	3354
418	3348	3333
398	3347	3334
465	3343	3337
534	3331	3344
714	3311	3354
1056	3294	3367
1429	3284	3386
1752	3268	3403
2028	3256	3422
2268	3253	3420
2509	3249	3416
2727	3249	3413
2955	3248	3411
3179	3245	3407
3416	3243	3406
3656	3236	3399
3902	3229	3396
390	3595	3345
399	3595	3345
428	3592	3344
525	3588	3344
702	3580	3343
938	3559	3348
1232	3545	3366
1629	3529	3386
1925	3514	3405
2218	3501	3428
2474	3499	3431
2703	3495	3425
2936	3493	3421
3181	3490	3417
3415	3487	3408
3658	3479	3397
3902	3472	3386
380	3834	3363
389	3836	3364
391	3841	3349
466	3850	3356
581	3844	3355
733	3838	3352
989	3821	3348
1308	3816	3343
1721	3797	3354
2084	3779	3375
2393	3766	3400
2683	3755	3423
2926	3750	3415
3165	3745	3405
3403	3741	3396
3650	3737	3384
3897	3733	3372
369	4073	3353
369	4075	3353
387	4079	3356
402	4087	3360
413	4095	3342
569	4095	3344
843	4092	3339
1192	4073	3332
1569	4058	3325
1946	4048	3316
2285	4038	3327
2600	4026	3349
2884	4015	3372
3151	4004	3391
3386	4002	3378
3635	3995	3362
3884	3993	3350
462	521	3412
495	521	3423
593	536	3458
598	551	3536
872	529	3533
1093	502	3531
1396	433	3528
1802	332	3520
2063	316	3516
2286	292	3511
2535	280	3503
2770	294	3498
2977	314	3481
3161	315	3459
3404	323	3477
3630	336	3463
3861	387	3449
497	577	3443
509	606	3455
549	615	3499
633	600	3576
858	584	3571
1126	544	3566
1431	440	3557
1828	376	3547
2076	343	3539
2301	322	3531
2543	342	3521
2766	375	3501
2973	395	3480
3159	395	3458
3401	401	3477
3626	407	3463
3858	414	3449
474	666	3551
483	777	3562
507	798	3603
592	775	3669
768	670	3653
1059	564	3633
1439	452	3610
1807	419	3588
2066	410	3566
2245	393	3543
2510	405	3520
2738	437	3499
2881	483	3432
3195	516	3491
3396	561	3478
3615	540	3463
3846	512	3449
450	942	3548
457	949	3558
465	982	3594
551	1011	3645
693	964	3599
1024	833	3583
1306	738	3559
1616	713	3537
1948	723	3515
2190	726	3494
2434	722	3470
2664	753	3450
2871	759	3431
3165	732	3494
3377	722	3482
3597	706	3469
3822	690	3457
336	1215	3544
344	1221	3552
388	1242	3581
514	1261	3618
688	1205	3581
980	1119	3567
1288	1069	3547
1603	990	3527
1892	987	3508
2172	992	3488
2420	994	3466
2652	989	3448
2922	972	3504
3146	932	3491
3363	953	3479
3586	937	3466
3811	950	3457
328	1484	3541
331	1487	3548
368	1498	3572
503	1481	3593
682	1438	3563
973	1394	3550
1263	1351	3535
1574	1298	3517
1884	1275	3499
2151	1267	3480
2407	1243	3463
2683	1250	3513
2909	1232	3501
3133	1232	3488
3351	1235	3476
3576	1221	3465
3802	1243	3456
314	1710	3541
316	1713	3546
368	1721	3565
473	1702	3573
682	1672	3546
931	1624	3536
1239	1602	3524
1596	1571	3509
1871	1543	3491
2158	1524	3527
2422	1509	3517
2672	1511	3507
2896	1507	3495
3123	1517	3485
3343	1512	3474
3568	1508	3465
3797	1526	3456
265	1920	3541
277	1922	3546
324	1929	3560
495	1920	3541
665	1894	3534
910	1867	3527
1215	1835	3550
1553	1804	3539
1874	1784	3530
2152	1772	3522
2411	1766	3513
2658	1761	3502
2887	1756	3491
3115	1762	3481
3337	1761	3473
3564	1764	3465
3792	1778	3457
249	2150	3572
272	2153	3576
319	2155	3584
466	2150	3559
676	2126	3555
889	2109	3551
1250	2057	3541
1576	2040	3534
1871	2017	3526
2139	2008	3517
2403	2002	3509
2652	1998	3498
2883	1998	3489
3111	1998	3479
3334	2005	3473
3561	2012	3465
3788	2017	3458
237	2420	3570
267	2422	3573
323	2427	3553
485	2409	3552
688	2386	3549
935	2364	3545
1268	2330	3536
1610	2303	3530
1876	2288	3524
2145	2276	3515
2405	2272	3506
2651	2269	3498
2886	2268	3490
3113	2270	3480
3335	2274	3473
3561	2283	3468
3790	2283	3461
253	2662	3568
268	2664	3550
361	2656	3549
528	2638	3548
695	2614	3544
938	2599	3539
1316	2578	3533
1622	2564	3529
1905	2553	3527
2163	2539	3521
2426	2535	3512
2666	2537	3502
2893	2537	3490
3122	2538	3483
3342	2543	3477
3560	2552	3462
3800	2549	3472
311	2894	3547
321	2893	3547
408	2886	3550
534	2870	3554
753	2849	3559
997	2833	3566
1360	2817	3570
1665	2797	3573
1932	2786	3577
2207	2776	3577
2448	2773	3575
2700	2771	3566
2927	2771	3551
3147	2777	3534
3363	2780	3522
3589	2783	3505
3827	2781	3503
387	3123	3563
406	3122	3564
444	3117	3567
562	3103	3571
777	3082	3578
1110	3063	3586
1450	3050	3597
1738	3031	3607
2019	3019	3618
2283	3012	3625
2507	3008	3630
2734	3008	3631
2953	3005	3631
3180	3004	3629
3397	3005	3614
3630	3008	3597
3862	3007	3573
461	3347	3565
408	3346	3566
481	3343	3571
550	3334	3579
734	3319	3589
1021	3306	3602
1376	3291	3616
1734	3275	3634
1999	3263	3652
2261	3258	3666
2494	3253	3663
2722	3251	3660
2951	3250	3660
3179	3248	3660
3410	3244	3660
3658	3237	3660
3895	3232	3647
396	3601	3581
411	3603	3583
474	3599	3582
537	3594	3581
692	3588	3583
930	3568	3599
1210	3550	3615
1594	3534	3634
1922	3517	3656
2209	3505	3682
2458	3501	3685
2696	3498	3683
2934	3494	3679
3175	3492	3673
3407	3486	3664
3653	3481	3655
3896	3473	3646
385	3836	3612
408	3837	3613
409	3842	3617
482	3853	3599
570	3854	3602
693	3848	3600
928	3839	3597
1289	3816	3601
1708	3797	3621
2082	3779	3646
2396	3765	3675
2679	3758	3684
2922	3753	3676
3162	3749	3667
3396	3742	3656
3642	3739	3647
3889	3733	3635
402	4074	3601
404	4075	3601
412	4080	3604
427	4088	3609
437	4095	3587
565	4095	3591
829	4095	3590
1174	4081	3584
1520	4066	3574
1959	4052	3583
2305	4036	3609
2618	4025	3639
2897	4010	3665
3142	4004	3654
3378	4002	3643
3630	3999	3633
3878	3996	3620
442	713	3646
459	704	3657
618	667	3691
636	630	3757
891	578	3765
1122	549	3763
1378	471	3760
1745	349	3755
2017	346	3751
2271	338	3744
2530	330	3740
2771	342	3732
2953	367	3708
3191	352	3719
3403	367	3712
3628	381	3697
3844	435	3685
486	767	3683
537	789	3690
587	783	3720
675	679	3795
832	647	3800
1059	589	3795
1425	512	3788
1790	363	3781
2058	353	3774
2289	368	3764
2528	387	3755
2764	425	3731
2950	433	3708
3199	440	3727
3401	430	3712
3625	443	3697
3840	463	3685
530	821	3775
527	874	3786
560	899	3822
654	874	3891
752	826	3882
1029	660	3862
1396	651	3841
1762	473	3820
2042	438	3797
2234	418	3773
2502	445	3751
2667	508	3674
2867	518	3648
3186	529	3726
3391	565	3712
3614	505	3697
3827	563	3684
502	941	3773
518	960	3782
533	1015	3814
568	1069	3872
725	1004	3815
989	920	3798
1290	791	3779
1613	784	3758
1918	760	3735
2179	734	3713
2430	775	3692
2653	824	3672
2946	771	3745
3159	739	3731
3370	700	3717
3594	731	3703
3819	736	3692
403	1210	3770
401	1218	3778
403	1245	3804
503	1269	3846
698	1228	3799
973	1133	3785
1261	1100	3768
1548	1050	3749
1900	1028	3729
2161	1011	3709
2414	1043	3690
2643	1028	3670
2917	1004	3740
3143	949	3728
3359	943	3714
3583	957	3702
3807	965	3690
363	1460	3769
364	1466	3776
373	1490	3798
492	1514	3824
725	1486	3785
958	1417	3772
1231	1383	3757
1588	1343	3738
1888	1322	3721
2147	1317	3702
2442	1233	3762
2680	1231	3749
2903	1238	3736
3130	1243	3724
3347	1243	3710
3572	1255	3700
3799	1256	3689
328	1709	3769
332	1713	3774
347	1725	3792
480	1720	3802
714	1697	3769
948	1656	3759
1259	1629	3746
1570	1597	3731
1874	1550	3775
2156	1538	3766
2420	1520	3753
2667	1524	3743
2895	1521	3730
3120	1528	3719
3340	1514	3708
3566	1498	3698
3793	1523	3689
322	1924	3769
323	1926	3773
326	1932	3788
471	1921	3763
685	1900	3758
919	1888	3794
1214	1858	3787
1508	1812	3777
1843	1793	3768
2144	1776	3757
2408	1773	3748
2656	1769	3737
2887	1766	3727
3114	1771	3717
3334	1764	3707
3562	1780	3699
3788	1788	3689
291	2149	3805
294	2152	3809
307	2163	3820
463	2161	3792
647	2145	3790
937	2124	3785
1191	2096	3780
1582	2040	3770
1878	2024	3762
2146	2014	3752
2403	2010	3743
2654	2007	3734
2883	2004	3723
3111	2008	3715
3333	2016	3706
3559	2021	3697
3785	2024	3687
281	2421	3803
284	2422	3805
327	2433	3787
475	2414	3784
666	2390	3781
955	2368	3776
1223	2343	3770
1596	2313	3765
1881	2294	3756
2152	2286	3749
2416	2282	3741
2659	2280	3732
2886	2277	3721
3113	2282	3713
3335	2286	3706
3560	2287	3697
3790	2301	3691
285	2662	3800
296	2667	3780
347	2659	3780
506	2642	3778
713	2623	3774
965	2606	3770
1299	2592	3766
1619	2570	3761
1902	2555	3754
2167	2547	3746
2425	2546	3739
2657	2545	3729
2897	2545	3724
3123	2547	3715
3343	2550	3707
3565	2558	3698
3802	2550	3708
330	2897	3781
352	2895	3780
422	2889	3779
593	2877	3776
797	2861	3773
1076	2840	3768
1326	2828	3764
1649	2814	3761
1923	2805	3762
2178	2797	3760
2458	2792	3755
2690	2792	3748
2916	2793	3735
3135	2796	3723
3354	2793	3727
3589	2792	3738
3829	2784	3746
375	3124	3781
408	3122	3780
460	3118	3779
645	3110	3778
838	3092	3782
1090	3075	3788
1427	3060	3795
1715	3048	3802
1998	3037	3809
2239	3031	3815
2478	3027	3822
2714	3025	3826
2935	3024	3827
3149	3024	3822
3381	3023	3813
3611	3024	3801
3848	3021	3783
406	3352	3793
428	3351	3793
498	3346	3795
579	3343	3802
817	3337	3811
1074	3320	3822
1334	3304	3835
1689	3291	3851
1967	3279	3867
2226	3269	3882
2476	3264	3897
2719	3259	3909
2946	3258	3912
3175	3255	3914
3404	3252	3911
3642	3247	3890
3878	3248	3863
423	3604	3817
447	3605	3818
470	3607	3822
513	3602	3822
682	3596	3825
866	3584	3839
1154	3560	3854
1556	3544	3873
1876	3530	3894
2180	3518	3917
2454	3510	3939
2687	3507	3939
2933	3505	3936
3168	3500	3929
3403	3491	3920
3651	3488	3918
3892	3480	3907
439	3841	3858
426	3842	3859
427	3847	3865
489	3858	3839
578	3871	3849
614	3863	3846
911	3845	3839
1310	3819	3857
1744	3802	3881
2084	3786	3906
2401	3774	3934
2674	3767	3942
2921	3763	3936
3156	3755	3925
3390	3749	3916
3637	3745	3909
3884	3741	3900
456	4080	3849
457	4081	3850
459	4085	3853
465	4094	3858
475	4095	3835
542	4095	3845
794	4095	3841
1074	4085	3832
1539	4070	3830
1974	4056	3858
2317	4042	3887
2619	4030	3916
2894	4020	3929
3135	4014	3919
3372	4010	3908
3623	4005	3898
3871	4000	3888