0	0	0
501	1	0
1003	3	0
1292	6	1
1517	7	1
1761	10	3
1937	16	4
2142	20	6
2359	27	8
2585	35	10
2815	50	12
3033	55	14
3252	64	16
3471	77	18
3705	84	20
3938	100	20
4095	130	21
14	568	19
385	361	20
964	311	20
1285	231	19
1461	227	19
1714	191	18
1967	161	17
2168	134	17
2381	111	19
2608	100	21
2839	99	23
3049	94	24
3266	101	23
3486	112	22
3717	121	23
3946	123	21
4095	161	14
17	952	38
337	930	39
607	620	40
1082	457	38
1404	446	36
1667	373	33
1957	305	30
2105	248	28
2454	236	30
2685	197	32
2904	172	34
3115	195	35
3319	212	30
3537	225	29
3762	238	26
3985	248	23
4095	192	20
18	1215	71
160	1185	80
300	1023	73
814	841	73
1193	727	73
1491	626	72
1774	526	53
2042	429	49
2323	362	53
2595	294	57
2859	245	55
3066	296	46
3352	317	37
3578	339	35
3807	355	36
4061	374	37
4095	428	40
17	1434	123
109	1440	124
269	1416	133
493	1191	123
1020	1084	123
1372	993	113
1665	902	76
1950	826	70
2233	767	77
2512	706	85
2769	620	88
3018	582	102
3264	554	85
3517	531	78
3779	552	71
4017	573	65
4095	663	59
18	1621	141
93	1626	142
211	1619	148
424	1526	153
759	1411	161
1249	1339	153
1578	1267	130
1866	1196	119
2152	1140	129
2450	1087	137
2707	1043	146
2955	1012	158
3204	967	144
3447	950	130
3719	890	122
3973	860	100
4095	899	78
18	1806	158
86	1809	159
154	1822	164
354	1799	184
555	1682	204
1072	1616	194
1464	1561	189
1775	1511	187
2076	1469	180
2389	1432	191
2662	1399	191
2911	1378	199
3168	1350	190
3422	1330	182
3689	1309	174
3947	1271	135
4095	1237	97
24	1996	176
86	1999	176
149	2009	179
273	2022	223
398	1937	246
916	1858	248
1352	1809	247
1677	1767	242
1998	1734	239
2318	1714	244
2609	1692	236
2870	1670	250
3128	1649	229
3385	1637	208
3655	1622	189
3917	1600	159
4095	1578	139
28	2213	259
69	2216	255
90	2229	243
237	2246	250
384	2190	293
725	2099	303
1221	2055	309
1602	2016	305
1941	1990	297
2255	1967	295
2556	1947	289
2829	1932	292
3095	1918	272
3361	1906	234
3631	1893	201
3891	1879	182
4095	1870	182
32	2450	315
67	2453	314
75	2461	313
173	2478	302
283	2453	309
538	2389	344
1109	2343	372
1524	2306	368
1872	2278	360
2200	2256	351
2512	2230	343
2794	2211	333
3067	2197	295
3333	2183	260
3598	2168	232
3863	2155	205
4095	2139	224
36	2669	406
65	2671	413
73	2679	407
137	2694	394
214	2716	382
452	2654	400
954	2610	435
1425	2579	441
1785	2549	422
2136	2536	401
2464	2519	380
2756	2506	361
3029	2492	319
3297	2481	287
3569	2473	259
3835	2462	227
4095	2453	226
57	2894	425
67	2896	430
77	2902	433
119	2916	439
144	2934	443
366	2920	457
721	2865	511
1312	2838	448
1721	2812	442
2069	2792	423
2400	2778	416
2716	2770	390
2997	2762	343
3267	2749	314
3544	2744	313
3850	2716	264
4095	2686	239
75	3122	443
75	3123	447
81	3129	458
102	3140	484
142	3155	504
284	3176	490
475	3120	525
1176	3091	508
1629	3069	462
2015	3048	455
2344	3032	453
2664	3024	447
2961	3017	369
3250	3004	368
3537	2983	367
3840	2964	297
4095	2935	290
92	3337	462
93	3338	465
106	3344	471
119	3354	488
145	3371	519
232	3393	523
396	3375	539
977	3331	544
1541	3307	510
1887	3303	499
2268	3291	485
2597	3274	500
2910	3260	481
3220	3244	462
3517	3228	421
3820	3205	415
4095	3184	351
110	3563	482
110	3564	482
111	3570	484
129	3579	516
148	3592	536
212	3613	556
315	3640	569
547	3612	581
1220	3572	557
1744	3548	543
2172	3533	535
2543	3518	553
2866	3500	533
3182	3486	536
3489	3467	504
3645	3494	520
3946	3477	502
136	3787	520
137	3788	547
137	3793	546
139	3801	566
152	3814	591
193	3831	620
280	3856	636
344	3879	641
901	3837	626
1570	3803	621
2046	3787	588
2325	3796	561
2678	3779	585
3003	3767	610
3313	3756	587
3620	3740	585
3931	3723	574
167	4014	612
167	4015	612
168	4020	608
173	4028	617
182	4040	629
208	4057	630
244	4077	678
289	4095	692
529	4095	718
1123	4079	698
1791	4056	641
2239	4042	629
2625	4032	631
2956	4018	669
3275	4003	645
3595	3989	637
3910	3969	642
69	44	207
570	43	231
1033	18	255
1320	16	255
1583	15	235
1765	16	187
1941	17	138
2145	21	189
2360	28	202
2588	35	189
2818	50	108
3034	55	107
3253	64	109
3473	77	139
3706	84	136
3939	104	132
4095	130	122
60	528	270
395	488	261
954	310	268
1298	254	278
1541	232	239
1719	194	199
1971	156	173
2171	135	200
2384	123	214
2611	121	196
2841	124	178
3051	119	168
3268	119	159
3488	123	151
3719	129	148
3947	131	140
4095	161	126
41	941	291
298	932	296
595	601	282
1023	492	280
1356	448	250
1638	396	237
1960	307	208
2108	282	225
2457	237	219
2687	232	202
2906	209	194
3117	225	175
3321	231	170
3538	243	163
3763	244	158
3986	260	149
4095	192	135
21	1192	290
171	1187	272
340	1028	294
775	843	288
1171	729	283
1494	628	260
1776	564	243
2045	430	227
2326	396	220
2597	362	202
2860	315	210
3116	332	194
3354	348	179
3580	352	174
3808	362	165
4062	389	154
4095	428	140
21	1437	263
115	1442	263
293	1419	299
492	1194	307
1020	1086	298
1372	994	284
1668	904	254
1952	827	240
2235	767	236
2514	707	201
2771	620	233
3019	592	224
3264	608	215
3518	594	199
3781	579	186
4019	596	163
4095	644	145
20	1623	239
96	1628	248
232	1621	250
390	1528	309
757	1412	303
1249	1340	308
1580	1269	289
1868	1197	274
2155	1141	238
2452	1088	274
2708	1044	273
2957	1012	275
3206	968	253
3448	950	232
3720	890	210
3975	859	176
4095	899	150
21	1807	208
76	1810	219
181	1823	241
333	1800	303
555	1683	312
1073	1617	311
1465	1562	298
1777	1512	285
2077	1471	272
2391	1433	262
2663	1399	302
2912	1379	256
3170	1351	280
3422	1330	261
3689	1309	225
3947	1272	196
4095	1238	174
24	1997	253
70	2000	254
154	2010	257
259	2024	261
399	1939	316
915	1859	333
1352	1809	317
1678	1768	310
2000	1735	304
2319	1715	291
2610	1693	282
2871	1671	273
3129	1650	249
3386	1637	276
3655	1622	239
3917	1601	210
4095	1579	213
28	2214	329
63	2217	301
97	2229	289
232	2247	309
384	2191	347
725	2100	363
1222	2055	356
1604	2017	346
1942	1991	336
2256	1968	320
2557	1948	312
2830	1933	311
3096	1918	299
3361	1906	294
3631	1894	260
3891	1879	227
4095	1871	253
32	2451	378
61	2453	378
91	2462	351
170	2479	377
284	2454	379
540	2390	402
1109	2344	405
1524	2307	377
1873	2279	370
2201	2256	356
2512	2230	350
2794	2211	336
3067	2198	335
3334	2184	318
3599	2168	290
3864	2155	279
4095	2139	268
37	2670	411
63	2672	415
85	2680	419
134	2695	445
225	2717	425
453	2655	448
956	2611	454
1425	2579	456
1785	2550	448
2137	2537	414
2463	2519	388
2756	2506	409
3030	2492	371
3298	2481	344
3570	2473	312
3836	2463	298
4095	2453	284
57	2895	428
66	2897	431
88	2903	465
120	2916	489
144	2935	468
367	2921	489
723	2866	529
1312	2839	471
1721	2813	450
2070	2792	442
2400	2778	434
2716	2770	421
2997	2762	394
3268	2749	365
3545	2745	314
3849	2717	308
4095	2687	296
75	3122	444
75	3124	448
92	3130	485
108	3140	504
133	3155	512
298	3177	506
474	3120	536
1176	3091	508
1630	3070	474
2015	3049	469
2344	3032	463
2665	3025	454
2962	3018	418
3250	3005	369
3536	2984	368
3839	2965	340
4095	2936	309
93	3337	463
93	3339	465
107	3345	483
120	3354	490
141	3371	519
232	3394	523
403	3376	551
979	3332	545
1542	3307	533
1892	3302	521
2270	3291	487
2598	3274	481
2910	3260	475
3220	3245	473
3516	3229	432
3819	3206	415
4095	3185	369
110	3563	482
110	3565	482
111	3570	484
130	3580	518
149	3592	537
213	3614	556
315	3641	569
555	3611	582
1226	3572	570
1748	3548	544
2173	3533	536
2543	3518	552
2865	3500	530
3181	3487	528
3488	3468	506
3647	3494	518
3948	3477	499
136	3788	520
137	3789	530
137	3794	546
140	3802	567
153	3814	593
194	3832	620
280	3857	636
346	3880	641
901	3837	627
1569	3804	622
2045	3787	589
2326	3796	562
2679	3779	585
3004	3768	608
3313	3756	590
3621	3740	584
3932	3724	572
167	4014	612
167	4016	611
168	4020	608
174	4028	617
183	4041	629
209	4058	644
244	4077	679
289	4095	692
527	4095	718
1121	4080	699
1790	4056	642
2238	4043	629
2625	4033	631
2956	4018	670
3275	4004	645
3595	3990	637
3910	3970	642
93	88	536
639	86	545
1063	33	531
1347	26	510
1524	25	468
1722	24	370
1939	25	271
2151	25	371
2397	30	397
2597	35	369
2828	52	204
3041	55	201
3259	65	203
3479	78	261
3711	84	278
3942	108	298
4095	128	224
70	515	553
406	492	562
826	315	554
1311	258	537
1416	235	480
1666	198	451
1974	151	417
2185	142	412
2417	135	408
2621	142	371
2848	149	357
3058	143	335
3274	137	345
3494	131	330
3724	130	329
3951	133	308
4095	141	237
47	913	544
284	910	553
583	596	538
964	526	522
1308	444	477
1609	371	440
1928	320	431
2111	306	423
2403	251	408
2696	249	373
2914	246	355
3124	241	320
3327	249	358
3544	249	346
3769	249	333
3991	255	318
4095	155	250
33	1168	510
181	1163	518
379	1015	514
736	821	502
1149	716	493
1460	611	447
1743	580	433
2037	470	427
2321	450	408
2604	430	387
2865	385	365
3121	367	343
3361	375	357
3588	366	335
3814	368	327
4067	377	319
4095	389	297
31	1410	403
121	1416	497
316	1397	466
485	1169	490
994	1071	473
1355	983	455
1660	907	433
1957	830	410
2243	769	408
2522	696	390
2779	621	377
3026	609	366
3268	612	345
3523	656	320
3788	606	345
4025	590	321
4095	624	290
27	1619	338
100	1624	463
253	1612	448
419	1529	465
743	1410	444
1248	1343	462
1584	1273	448
1873	1203	429
2163	1145	422
2458	1090	412
2714	1046	400
2963	1013	392
3210	970	362
3452	949	334
3723	889	354
3982	855	317
4095	878	290
26	1811	257
72	1815	430
192	1828	442
326	1806	458
553	1686	460
1075	1622	465
1471	1567	460
1782	1517	445
2083	1475	441
2396	1435	425
2668	1401	412
2917	1380	408
3175	1352	370
3422	1331	339
3691	1310	330
3949	1274	335
4095	1240	250
27	2001	330
67	2003	383
153	2013	435
237	2028	451
402	1945	476
912	1863	486
1352	1812	473
1681	1772	465
2004	1739	454
2325	1718	442
2615	1696	426
2876	1673	407
3134	1652	381
3389	1638	344
3657	1622	290
3919	1602	262
4095	1581	286
29	2218	399
63	2222	419
115	2232	439
226	2251	460
392	2195	487
729	2102	503
1225	2058	495
1608	2020	486
1946	1994	468
2258	1969	451
2562	1950	438
2832	1934	426
3099	1920	423
3362	1907	413
3632	1895	366
3894	1881	335
4095	1872	325
33	2454	426
58	2456	504
99	2465	499
167	2482	486
326	2457	513
545	2394	530
1111	2347	503
1526	2310	494
1876	2283	486
2203	2259	474
2514	2232	457
2795	2213	441
3069	2199	437
3335	2185	431
3601	2170	374
3867	2157	340
4095	2142	333
37	2672	452
61	2675	525
96	2683	528
131	2697	497
237	2719	532
457	2657	547
962	2613	525
1429	2582	527
1788	2553	508
2140	2540	508
2465	2521	476
2757	2507	457
3031	2493	424
3299	2483	450
3571	2474	393
3838	2464	367
4095	2455	341
58	2897	431
64	2899	465
93	2905	546
118	2919	548
148	2937	541
370	2923	562
730	2868	548
1313	2841	551
1722	2814	531
2072	2795	526
2404	2781	507
2718	2773	466
2999	2764	444
3269	2750	416
3547	2746	405
3844	2721	379
4095	2693	339
75	3124	449
82	3126	453
98	3133	511
114	3142	519
140	3157	549
312	3178	546
476	3122	555
1180	3093	562
1634	3073	545
2015	3050	538
2345	3034	530
2668	3027	476
2963	3020	467
3250	3007	446
3534	2987	441
3835	2969	393
4095	2941	358
93	3339	466
100	3341	468
110	3347	495
122	3356	499
144	3373	522
235	3395	530
410	3377	563
984	3334	573
1544	3309	555
1910	3301	542
2278	3291	507
2603	3275	500
2911	3262	491
3218	3247	484
3513	3232	474
3814	3210	445
4095	3190	387
110	3565	482
111	3567	483
115	3572	504
130	3581	525
155	3594	539
235	3616	556
325	3642	594
584	3608	585
1247	3572	578
1758	3548	554
2177	3535	543
2543	3520	532
2863	3503	533
3176	3490	551
3482	3471	528
3655	3493	532
3955	3477	514
137	3789	533
137	3791	542
138	3795	557
141	3803	572
155	3816	597
223	3834	622
286	3859	636
351	3881	650
901	3839	629
1566	3806	637
2039	3790	598
2332	3797	581
2684	3779	575
3009	3768	598
3316	3756	580
3624	3741	578
3935	3725	568
167	4016	611
167	4017	610
169	4022	610
175	4030	619
184	4043	633
211	4059	658
246	4079	684
292	4095	692
518	4095	719
1113	4082	701
1785	4058	644
2235	4045	628
2622	4035	630
2954	4020	672
3273	4006	645
3593	3992	637
3908	3972	642
118	132	742
588	107	767
1029	58	744
1309	37	729
1484	36	708
1684	36	682
1892	37	650
2108	38	618
2340	41	591
2560	47	549
2789	56	396
3013	60	344
3222	69	390
3442	82	503
3677	94	502
3914	116	465
4095	127	428
79	502	779
429	477	780
822	328	792
1290	262	776
1384	238	746
1642	199	702
1919	157	662
2136	153	625
2366	149	619
2583	150	560
2801	153	537
3035	152	501
3240	149	531
3455	139	510
3690	133	509
3924	136	476
4095	138	446
52	891	773
269	887	792
602	598	784
939	488	771
1283	440	754
1601	398	718
1886	376	675
2055	331	641
2358	309	607
2662	291	575
2859	275	561
3088	258	514
3305	267	546
3511	260	530
3733	247	508
3959	246	487
4095	145	459
45	1152	754
188	1131	764
382	1010	768
720	812	751
1123	704	732
1438	596	709
1711	595	667
1974	509	627
2268	469	596
2562	432	591
2836	396	546
3087	378	577
3312	402	574
3556	381	495
3785	361	490
4048	357	484
4095	325	454
40	1370	726
137	1375	730
292	1363	742
490	1158	728
976	1053	710
1334	958	688
1628	879	652
1900	821	615
2179	774	580
2471	685	580
2728	637	556
2979	625	545
3255	616	567
3485	607	538
3764	579	504
4011	583	479
4095	572	436
34	1596	678
106	1600	677
264	1582	676
438	1505	684
756	1373	677
1221	1305	657
1542	1234	632
1832	1177	620
2112	1136	607
2411	1091	586
2684	1046	567
2949	1004	555
3199	972	536
3454	924	535
3711	891	498
3983	853	459
4095	861	430
31	1788	627
75	1791	641
183	1802	653
318	1781	665
570	1678	662
1048	1602	620
1441	1547	602
1750	1499	606
2050	1461	610
2361	1433	589
2652	1396	568
2908	1377	561
3173	1349	565
3425	1330	524
3695	1308	489
3952	1278	474
4095	1245	434
30	1981	603
70	1983	638
136	1992	658
255	2012	646
412	1920	636
915	1849	640
1341	1804	630
1673	1764	620
2001	1734	605
2323	1716	593
2614	1696	569
2879	1673	541
3141	1654	561
3395	1640	520
3660	1623	484
3924	1606	456
4095	1586	443
31	2208	623
64	2211	634
120	2222	645
233	2242	657
382	2191	627
736	2093	642
1210	2052	634
1595	2015	626
1933	1988	600
2259	1969	629
2568	1953	613
2837	1937	604
3104	1923	590
3365	1910	531
3633	1898	471
3899	1884	444
4095	1873	467
34	2457	600
62	2459	630
106	2469	647
174	2481	665
339	2458	647
557	2395	657
1102	2345	635
1518	2309	612
1878	2287	648
2205	2262	647
2518	2237	634
2800	2218	618
3071	2203	590
3338	2187	543
3605	2173	459
3872	2160	432
4095	2145	404
39	2678	582
63	2680	634
100	2688	637
137	2702	653
247	2724	640
459	2662	646
973	2618	634
1436	2587	621
1794	2559	631
2146	2546	671
2471	2525	642
2759	2510	625
3033	2495	599
3302	2485	556
3574	2476	474
3841	2466	436
4095	2457	398
57	2901	596
65	2903	612
96	2910	627
123	2923	606
154	2942	613
374	2928	635
743	2872	692
1314	2845	631
1723	2818	612
2076	2799	656
2411	2786	658
2721	2777	632
3002	2766	611
3272	2752	552
3550	2749	496
3836	2729	465
4095	2703	383
78	3128	565
85	3130	566
100	3137	592
120	3145	597
147	3162	586
322	3182	606
486	3126	611
1189	3096	701
1640	3078	616
2016	3053	608
2347	3037	598
2673	3031	628
2964	3023	610
3250	3011	523
3530	2993	513
3827	2977	494
4095	2950	408
95	3343	541
107	3345	549
109	3350	564
126	3360	579
146	3377	569
260	3398	582
425	3380	687
994	3339	670
1549	3314	640
1942	3301	614
2293	3290	592
2609	3276	606
2911	3264	581
3215	3252	561
3506	3238	516
3805	3217	511
4095	3198	425
111	3569	483
111	3570	504
118	3575	524
133	3584	562
157	3597	586
241	3620	604
335	3644	619
635	3602	674
1298	3570	653
1778	3550	620
2185	3538	596
2543	3524	563
2858	3508	590
3167	3496	575
3470	3478	550
3669	3493	546
3968	3477	528
137	3792	546
137	3794	557
138	3798	568
143	3806	592
176	3819	604
233	3837	627
292	3862	687
359	3882	679
899	3842	683
1558	3811	653
2027	3795	632
2342	3798	600
2693	3781	599
3017	3770	599
3322	3757	583
3630	3743	579
3940	3727	576
168	4019	609
168	4020	608
171	4024	613
177	4033	622
189	4045	634
216	4062	661
249	4081	687
297	4095	693
529	4095	719
1099	4085	706
1776	4062	649
2229	4049	626
2618	4039	631
2950	4024	675
3270	4010	644
3590	3996	640
3905	3976	655
165	177	952
520	162	986
737	148	970
1263	61	951
1442	60	938
1655	48	919
1873	46	897
2092	47	872
2317	51	852
2540	57	828
2760	62	807
2977	69	785
3200	77	758
3422	89	746
3661	104	742
3888	117	698
4095	128	632
111	516	1004
396	461	1009
780	386	1031
1258	270	1015
1355	251	983
1626	205	948
1898	174	916
2118	164	885
2343	157	861
2563	152	835
2777	159	811
2993	156	789
3213	153	766
3436	145	755
3672	141	734
3905	137	697
4095	133	656
55	855	1007
256	816	1033
577	623	1036
899	475	1022
1267	443	1002
1597	398	975
1869	380	943
2041	354	918
2301	322	890
2639	295	856
2846	283	827
3049	260	803
3264	270	782
3483	259	764
3713	249	751
3946	226	698
4095	134	667
52	1127	996
194	1080	1009
392	1033	1023
700	804	1011
1109	694	999
1425	592	976
1700	586	946
1965	544	906
2259	487	881
2554	439	855
2830	407	832
3072	389	811
3291	404	792
3519	401	779
3758	356	730
4028	335	697
4095	287	667
50	1352	980
139	1358	986
269	1357	1006
524	1154	994
953	1042	980
1318	952	962
1620	869	942
1897	806	907
2170	765	867
2458	695	843
2719	654	824
2971	627	810
3216	599	790
3441	568	757
3731	552	764
3981	537	697
4095	553	640
46	1566	948
116	1570	952
247	1572	964
457	1482	972
768	1360	955
1209	1295	945
1539	1219	926
1839	1156	903
2113	1120	866
2402	1084	834
2674	1052	819
2921	1022	809
3168	996	807
3440	925	787
3696	889	759
3946	850	667
4095	826	638
39	1774	903
78	1777	905
173	1788	911
324	1767	920
584	1659	927
1066	1581	922
1454	1525	906
1766	1474	885
2055	1443	856
2351	1425	829
2630	1403	816
2885	1381	809
3156	1342	760
3406	1313	720
3663	1281	751
3917	1244	691
4095	1214	619
36	1965	876
74	1968	877
125	1977	881
273	1994	887
421	1908	887
901	1840	876
1344	1792	873
1678	1752	862
1988	1721	842
2289	1705	822
2585	1688	802
2864	1667	804
3123	1646	742
3378	1628	695
3636	1607	746
3897	1587	720
4095	1563	600
33	2187	847
65	2190	847
125	2201	850
240	2221	855
368	2182	854
735	2083	859
1201	2042	847
1582	2009	842
1913	1979	827
2238	1958	807
2549	1944	787
2824	1930	783
3088	1914	757
3345	1894	707
3610	1878	703
3873	1862	697
4095	1846	609
36	2434	820
63	2436	820
100	2443	842
226	2458	844
353	2443	844
569	2380	854
1105	2334	843
1508	2295	830
1847	2261	811
2183	2239	821
2505	2222	812
2786	2206	795
3054	2189	772
3316	2171	750
3582	2161	728
3853	2155	715
4095	2140	690
41	2661	807
66	2663	808
97	2670	808
164	2683	809
261	2703	811
469	2642	831
959	2600	820
1416	2571	811
1787	2545	795
2127	2523	834
2452	2511	808
2752	2500	794
3023	2486	774
3287	2472	781
3552	2463	733
3825	2452	709
4084	2436	675
59	2892	761
67	2894	760
94	2901	756
138	2913	749
170	2929	765
399	2903	827
764	2861	836
1318	2828	854
1730	2804	773
2077	2787	791
2403	2774	809
2710	2766	798
2994	2753	778
3263	2742	689
3527	2732	672
3793	2727	653
4095	2718	634
84	3122	680
87	3124	796
98	3131	810
130	3142	814
160	3158	810
332	3178	823
524	3116	852
1196	3083	840
1648	3063	745
2027	3042	825
2358	3030	812
2671	3021	780
2964	3015	753
3246	3015	675
3523	3002	656
3815	2988	594
4095	2964	565
98	3341	616
102	3343	769
109	3349	777
133	3361	772
148	3379	782
284	3399	791
459	3365	811
1017	3329	768
1578	3305	725
1969	3295	747
2312	3288	769
2618	3278	712
2911	3267	672
3210	3259	638
3495	3246	687
3791	3228	577
4095	3210	549
111	3572	667
111	3573	685
116	3579	703
136	3588	727
160	3603	758
248	3625	790
382	3637	769
671	3594	763
1343	3567	728
1803	3552	703
2194	3543	701
2540	3530	681
2849	3515	647
3152	3504	631
3452	3489	656
3689	3492	581
3985	3475	564
138	3797	629
138	3798	669
140	3802	684
147	3811	699
178	3824	723
237	3842	737
306	3868	738
412	3886	777
891	3847	737
1538	3817	696
2006	3803	693
2357	3799	658
2706	3784	623
3029	3773	656
3331	3759	632
3638	3745	612
3949	3730	585
170	4023	612
171	4024	613
174	4029	617
180	4037	626
196	4050	651
223	4066	661
256	4086	689
303	4095	694
540	4095	721
1083	4091	711
1763	4067	657
2221	4055	646
2611	4044	654
2944	4029	680
3265	4015	662
3585	4001	643
3901	3982	668
213	233	1177
451	224	1221
573	207	1209
1207	94	1191
1397	84	1178
1623	68	1162
1845	64	1143
2073	61	1125
2296	64	1106
2523	65	1087
2745	69	1068
2966	76	1052
3192	84	1040
3416	96	1025
3653	109	1021
3880	126	986
4095	132	960
143	536	1204
299	484	1239
737	429	1241
1176	278	1259
1327	265	1227
1648	215	1196
1868	179	1166
2097	173	1142
2325	181	1119
2543	173	1097
2761	167	1076
2981	169	1058
3206	162	1045
3425	177	1030
3666	147	1025
3895	142	989
4095	137	962
67	839	1231
234	745	1256
554	651	1272
874	462	1260
1257	446	1244
1586	363	1225
1841	342	1205
2026	357	1184
2287	323	1137
2620	303	1129
2824	280	1101
3038	262	1080
3254	261	1063
3472	258	1046
3700	250	1042
3938	219	996
4095	143	970
64	1104	1243
186	1070	1258
373	1036	1283
673	799	1271
1082	685	1259
1415	588	1235
1687	578	1204
1956	545	1171
2249	490	1155
2539	454	1131
2822	408	1111
3058	393	1094
3280	407	1080
3507	383	1065
3744	352	1064
4004	326	1013
4095	255	976
61	1334	1231
142	1338	1239
259	1328	1267
558	1146	1257
937	1035	1248
1320	940	1230
1609	861	1214
1889	804	1185
2162	761	1146
2450	686	1119
2710	652	1101
2963	629	1088
3209	604	1075
3431	590	1072
3727	545	1024
3971	515	990
4095	534	978
59	1540	1213
121	1546	1218
193	1549	1235
444	1477	1239
760	1357	1230
1200	1280	1215
1530	1209	1201
1832	1149	1183
2113	1110	1156
2398	1078	1119
2665	1040	1097
2912	1019	1084
3163	1001	1078
3435	917	1039
3692	890	1019
3937	847	986
4095	814	964
49	1754	1178
81	1758	1180
157	1769	1191
311	1756	1207
600	1641	1212
1084	1572	1201
1446	1516	1186
1762	1468	1172
2062	1434	1156
2356	1411	1125
2623	1394	1094
2875	1376	1085
3152	1337	1053
3401	1302	1034
3659	1275	1013
3911	1238	985
4095	1204	965
45	1958	1136
81	1961	1138
121	1970	1145
284	1984	1157
446	1895	1168
932	1825	1173
1361	1773	1172
1694	1737	1161
2007	1709	1147
2306	1689	1122
2585	1678	1101
2852	1662	1067
3118	1643	1049
3371	1622	1031
3630	1601	1009
3885	1574	985
4095	1545	964
44	2179	1114
79	2182	1116
123	2192	1120
254	2212	1129
392	2175	1131
711	2082	1135
1206	2035	1133
1600	1996	1132
1937	1969	1124
2253	1949	1103
2546	1937	1078
2815	1924	1057
3084	1912	1040
3342	1890	1019
3600	1874	1002
3861	1853	980
4095	1838	935
46	2428	1108
70	2430	1109
98	2438	1113
232	2453	1119
367	2437	1125
596	2377	1128
1081	2331	1117
1502	2291	1106
1842	2262	1094
2176	2236	1078
2496	2216	1060
2778	2199	1045
3049	2184	1030
3310	2168	1013
3572	2156	997
3835	2143	978
4088	2132	975
48	2658	1084
69	2660	1084
95	2667	1087
178	2680	1091
262	2699	1097
507	2640	1112
949	2600	1102
1411	2569	1092
1782	2543	1080
2123	2524	1066
2442	2507	1051
2744	2494	1037
3017	2483	1023
3283	2470	1006
3544	2458	992
3808	2437	978
4068	2416	951
60	2887	1056
73	2889	1057
92	2896	1058
152	2908	1061
213	2925	1066
418	2904	1093
786	2860	1087
1311	2827	1076
1725	2805	1069
2070	2786	1055
2396	2772	1039
2698	2760	1026
2988	2749	1012
3257	2737	1001
3519	2725	991
3780	2719	938
4054	2703	885
86	3118	1026
91	3120	1027
96	3126	1028
140	3137	1031
183	3153	1034
323	3173	1040
562	3113	1071
1205	3083	1063
1632	3058	1049
2024	3043	1042
2352	3027	1026
2661	3016	1016
2949	3005	1007
3231	2999	958
3499	2989	886
3779	2976	860
4057	2969	804
96	3333	989
101	3335	989
106	3341	991
139	3353	993
160	3370	996
290	3393	1000
473	3358	1073
1040	3326	1048
1571	3303	1039
1939	3290	986
2301	3277	945
2614	3270	898
2905	3262	838
3190	3257	873
3472	3255	858
3770	3244	742
4069	3228	674
113	3559	850
113	3561	867
116	3566	883
145	3576	891
170	3592	929
256	3614	976
419	3638	921
684	3595	892
1332	3565	857
1800	3549	814
2189	3536	807
2533	3537	799
2836	3527	815
3130	3516	805
3425	3503	763
3716	3490	707
4010	3476	648
138	3797	712
138	3798	743
141	3803	753
151	3813	833
191	3828	842
241	3849	846
331	3875	890
429	3892	876
914	3854	839
1505	3827	793
1970	3814	754
2378	3800	716
2726	3788	771
3041	3774	755
3342	3762	759
3651	3749	722
3959	3734	677
174	4029	618
175	4030	619
178	4035	623
185	4043	633
205	4056	677
233	4071	690
270	4092	690
310	4095	695
578	4095	722
1066	4095	712
1745	4075	667
2207	4062	654
2602	4051	670
2936	4037	686
3259	4023	766
3578	4009	737
3896	3990	694
223	266	1406
383	290	1440
563	266	1447
1049	156	1434
1334	125	1420
1602	92	1406
1831	85	1388
2052	79	1374
2283	77	1358
2511	78	1342
2733	80	1326
2954	84	1311
3184	92	1300
3411	105	1285
3645	124	1281
3871	137	1250
4095	138	1231
188	547	1435
298	513	1464
544	463	1480
1038	316	1503
1296	296	1470
1615	241	1441
1852	193	1415
2071	180	1393
2307	203	1372
2531	191	1353
2749	176	1334
2969	170	1319
3197	172	1308
3420	180	1292
3660	149	1287
3886	146	1253
4095	144	1236
107	827	1464
219	737	1488
525	660	1514
837	475	1508
1236	467	1497
1575	385	1481
1831	381	1467
2010	360	1447
2324	330	1396
2608	304	1392
2806	272	1366
3025	257	1346
3245	256	1331
3463	254	1315
3693	248	1308
3930	212	1265
4095	151	1249
85	1106	1463
164	1089	1477
354	1052	1509
635	811	1505
1052	699	1496
1386	595	1473
1675	583	1453
1949	541	1434
2241	493	1419
2533	470	1398
2753	421	1381
3044	405	1364
3269	398	1351
3497	370	1339
3735	348	1331
3994	318	1289
4095	248	1263
65	1324	1475
139	1328	1484
251	1300	1516
534	1169	1515
905	1033	1508
1291	935	1496
1598	864	1473
1881	802	1440
2154	763	1409
2443	692	1385
2701	661	1371
2954	629	1356
3197	610	1345
3421	573	1338
3718	523	1310
3963	493	1282
4095	514	1268
63	1525	1466
125	1532	1472
188	1524	1491
433	1474	1501
745	1353	1494
1185	1279	1483
1519	1205	1469
1822	1145	1453
2105	1106	1425
2394	1076	1391
2657	1044	1366
2902	1018	1353
3154	997	1345
3429	916	1320
3682	886	1303
3932	847	1280
4095	810	1261
61	1732	1447
107	1736	1450
141	1749	1464
317	1737	1484
614	1639	1481
1077	1568	1468
1440	1511	1457
1756	1467	1446
2053	1431	1429
2357	1406	1408
2621	1390	1375
2863	1369	1351
3142	1329	1331
3395	1299	1316
3652	1267	1299
3906	1233	1277
4095	1200	1259
53	1940	1407
89	1942	1410
127	1951	1419
316	1971	1435
506	1878	1453
938	1818	1455
1352	1773	1445
1689	1734	1435
2000	1706	1423
2311	1684	1410
2598	1664	1379
2847	1652	1345
3108	1636	1326
3364	1615	1311
3624	1594	1296
3879	1567	1273
4095	1549	1259
50	2171	1375
82	2174	1377
121	2185	1384
268	2205	1395
415	2165	1401
722	2071	1419
1234	2021	1426
1619	1985	1427
1945	1958	1416
2267	1938	1401
2559	1925	1377
2815	1914	1345
3074	1907	1319
3334	1881	1304
3594	1867	1289
3855	1850	1270
4095	1835	1260
51	2422	1370
76	2425	1371
100	2433	1376
235	2447	1384
350	2430	1393
622	2371	1393
1077	2326	1386
1518	2280	1393
1868	2244	1390
2204	2219	1378
2513	2201	1360
2783	2189	1336
3040	2177	1311
3305	2166	1297
3567	2152	1285
3828	2138	1269
4085	2130	1260
53	2653	1350
72	2655	1351
92	2662	1354
183	2675	1361
286	2694	1370
521	2637	1379
948	2597	1372
1420	2565	1364
1775	2538	1354
2120	2517	1345
2441	2502	1334
2737	2489	1316
3008	2476	1303
3277	2466	1292
3539	2453	1281
3805	2435	1270
4061	2413	1228
66	2884	1330
78	2886	1331
89	2893	1334
164	2904	1338
239	2921	1345
421	2903	1369
773	2854	1359
1306	2824	1351
1716	2798	1343
2066	2781	1333
2390	2767	1321
2689	2755	1309
2978	2742	1296
3251	2733	1286
3515	2724	1279
3777	2715	1266
4049	2699	1195
88	3112	1304
89	3114	1305
92	3120	1307
149	3132	1311
206	3149	1317
320	3168	1326
592	3109	1348
1211	3079	1341
1630	3056	1333
2019	3036	1323
2347	3023	1310
2654	3013	1302
2945	3003	1291
3223	2995	1250
3493	2986	1198
3774	2973	1126
4055	2958	1030
99	3328	1277
103	3329	1277
106	3335	1279
144	3346	1282
173	3363	1288
295	3387	1295
476	3358	1335
1028	3321	1329
1563	3298	1320
1933	3288	1279
2295	3277	1249
2608	3268	1212
2899	3261	1165
3180	3253	1109
3466	3243	1031
3757	3231	907
4052	3219	851
115	3554	1185
115	3555	1185
116	3561	1185
149	3570	1183
201	3585	1201
263	3605	1225
456	3633	1222
696	3593	1217
1327	3565	1190
1788	3546	1156
2174	3534	1114
2523	3524	1058
2832	3518	984
3129	3510	978
3421	3502	904
3744	3486	833
4041	3476	790
139	3794	1094
139	3796	1093
143	3801	1090
153	3810	1084
205	3824	1075
256	3842	1061
334	3867	1041
445	3881	1077
936	3844	1036
1547	3820	972
2001	3809	1022
2403	3802	940
2747	3791	918
3060	3778	956
3358	3767	887
3666	3754	808
3971	3738	770
176	4035	689
177	4036	688
180	4040	686
189	4049	680
209	4060	703
242	4076	720
281	4095	708
316	4095	699
680	4095	724
1043	4095	909
1721	4084	867
2191	4072	823
2590	4061	890
2926	4046	905
3249	4033	871
3570	4018	831
3889	4000	750
215	341	1633
356	335	1660
532	282	1683
826	222	1673
1265	169	1659
1552	126	1643
1807	101	1631
2035	99	1614
2263	96	1599
2500	90	1584
2722	96	1570
2944	99	1555
3171	103	1541
3402	123	1535
3634	141	1528
3866	152	1503
4095	153	1490
190	568	1668
280	541	1693
514	492	1722
805	354	1736
1270	327	1706
1577	266	1681
1824	206	1658
2051	194	1635
2290	216	1616
2518	193	1597
2737	189	1582
2958	183	1565
3184	182	1549
3412	186	1543
3647	165	1534
3882	162	1508
4095	158	1494
116	796	1704
204	747	1726
487	702	1761
769	486	1754
1216	485	1744
1551	407	1731
1806	400	1716
1996	368	1699
2361	336	1644
2593	315	1642
2791	281	1619
3008	266	1597
3230	261	1580
3451	250	1569
3684	256	1557
3926	205	1526
4095	166	1507
88	1100	1685
142	1083	1698
326	1036	1737
613	835	1734
1025	705	1734
1361	606	1720
1666	594	1705
1942	550	1685
2231	505	1672
2525	468	1652
2742	431	1637
3026	417	1620
3254	387	1607
3484	358	1597
3758	347	1581
3991	309	1559
4095	255	1527
69	1314	1696
130	1318	1705
243	1310	1738
494	1192	1743
840	1043	1737
1261	954	1724
1583	878	1705
1868	811	1678
2149	770	1658
2432	706	1638
2693	668	1624
2946	641	1611
3178	619	1598
3411	556	1593
3710	501	1570
3960	447	1554
4095	416	1533
69	1520	1707
126	1523	1714
182	1537	1736
424	1479	1753
727	1352	1747
1181	1283	1738
1510	1204	1725
1813	1152	1705
2094	1114	1671
2385	1081	1640
2652	1049	1620
2897	1025	1607
3140	996	1596
3420	923	1585
3677	888	1565
3931	856	1548
4095	807	1534
70	1726	1698
113	1729	1702
155	1743	1718
391	1740	1740
628	1643	1736
1042	1573	1726
1434	1515	1715
1749	1469	1704
2047	1430	1687
2346	1405	1664
2615	1392	1633
2861	1377	1608
3135	1327	1591
3389	1301	1579
3647	1266	1562
3904	1234	1546
4095	1200	1531
60	1930	1672
101	1932	1674
142	1941	1685
336	1968	1705
530	1878	1724
924	1821	1714
1339	1777	1707
1684	1736	1695
1997	1705	1681
2303	1683	1669
2598	1663	1651
2848	1651	1615
3103	1636	1587
3358	1613	1570
3618	1592	1557
3878	1571	1545
4095	1535	1531
56	2163	1634
89	2166	1636
121	2176	1644
277	2196	1658
432	2150	1674
730	2064	1696
1245	2020	1696
1614	1986	1688
1938	1960	1678
2260	1937	1662
2561	1921	1650
2826	1909	1627
3073	1901	1590
3329	1885	1566
3589	1866	1553
3852	1852	1541
4095	1837	1530
58	2419	1617
82	2421	1618
104	2429	1624
238	2444	1634
371	2454	1646
632	2372	1651
1093	2319	1666
1544	2269	1676
1883	2235	1668
2211	2210	1655
2527	2192	1643
2796	2177	1624
3051	2169	1595
3298	2164	1561
3561	2154	1549
3825	2142	1539
4080	2133	1532
60	2650	1601
81	2652	1602
89	2659	1606
199	2672	1614
310	2691	1625
537	2638	1632
912	2599	1628
1403	2563	1626
1798	2530	1632
2150	2505	1631
2470	2490	1624
2761	2479	1609
3019	2470	1586
3271	2463	1557
3533	2454	1545
3800	2441	1537
4060	2418	1502
71	2880	1583
84	2882	1584
88	2888	1588
189	2900	1594
289	2917	1603
438	2902	1623
770	2858	1617
1301	2824	1608
1717	2799	1601
2061	2781	1592
2396	2764	1590
2698	2752	1583
2980	2742	1568
3244	2732	1548
3511	2724	1543
3774	2713	1527
4051	2699	1482
90	3108	1563
87	3110	1563
89	3118	1566
164	3129	1572
239	3146	1580
320	3166	1590
623	3110	1606
1195	3079	1599
1627	3055	1593
2017	3037	1584
2345	3021	1572
2651	3013	1564
2937	3003	1549
3217	2992	1517
3488	2983	1480
3770	2970	1429
4052	2955	1363
102	3327	1541
106	3328	1542
106	3334	1545
171	3345	1550
235	3362	1557
314	3384	1567
476	3355	1596
1026	3323	1592
1548	3302	1569
1927	3287	1550
2282	3275	1525
2602	3266	1496
2892	3258	1461
3172	3250	1419
3461	3240	1364
3752	3227	1287
4042	3214	1173
117	3548	1470
117	3549	1470
118	3554	1471
150	3564	1472
231	3578	1473
312	3578	1474
458	3627	1524
682	3591	1510
1281	3564	1487
1764	3545	1461
2162	3532	1428
2514	3523	1387
2818	3513	1340
3119	3508	1271
3414	3499	1177
3713	3487	1120
4005	3471	1048
147	3789	1399
147	3790	1398
149	3795	1397
171	3804	1394
231	3817	1389
311	3836	1382
334	3862	1372
472	3876	1407
914	3842	1376
1543	3817	1341
1988	3805	1291
2341	3803	1241
2709	3790	1213
3040	3781	1158
3345	3767	1115
3650	3752	1070
3958	3738	959
178	4031	1185
178	4032	1186
181	4036	1187
192	4044	1188
213	4056	1190
237	4072	1191
271	4094	1194
308	4095	1194
683	4095	1137
1059	4095	1107
1731	4083	1066
2200	4068	1125
2597	4055	1138
2944	4042	1123
3233	4042	1076
3560	4031	1019
3880	4013	869
206	416	1857
329	381	1881
501	347	1917
809	269	1907
1159	264	1894
1510	166	1882
1781	131	1868
2024	122	1852
2245	117	1837
2480	112	1818
2709	113	1803
2931	115	1789
3161	119	1779
3391	142	1769
3625	158	1765
3859	166	1744
4083	166	1729
187	590	1930
272	577	1955
481	517	1990
746	380	1968
1245	359	1942
1531	286	1919
1789	229	1896
2041	208	1875
2274	234	1856
2495	199	1835
2723	209	1816
2944	195	1800
3173	195	1789
3400	198	1777
3639	181	1772
3873	178	1749
4095	171	1733
144	764	1945
198	732	1966
446	768	2014
693	558	2007
1174	502	1995
1515	426	1983
1782	418	1967
1984	384	1905
2334	351	1919
2573	326	1887
2774	306	1862
2993	274	1841
3217	270	1823
3435	254	1804
3676	269	1799
3916	211	1768
4095	182	1752
96	1089	1926
137	1077	1941
313	1020	1990
591	946	1985
982	727	1985
1363	618	1971
1666	607	1954
1928	560	1935
2218	516	1922
2521	480	1902
2728	444	1884
3014	421	1870
3239	394	1855
3467	370	1839
3749	357	1829
3975	300	1804
4095	263	1775
86	1322	1914
126	1307	1923
252	1280	1957
484	1229	1965
795	1067	1964
1254	970	1953
1565	886	1940
1860	824	1925
2142	770	1906
2424	720	1887
2682	683	1869
2930	657	1855
3166	641	1843
3394	571	1828
3699	501	1820
3947	436	1801
4095	389	1786
82	1535	1929
126	1538	1936
191	1550	1959
415	1503	1980
705	1374	1981
1139	1298	1970
1495	1226	1955
1792	1164	1933
2081	1128	1903
2376	1090	1878
2642	1058	1863
2886	1035	1853
3131	1010	1843
3409	928	1828
3668	897	1816
3921	856	1801
4095	812	1787
79	1728	1937
125	1732	1942
171	1740	1959
384	1726	1988
659	1651	1991
1039	1574	1982
1430	1514	1970
1744	1470	1958
2039	1435	1936
2333	1411	1902
2601	1393	1868
2850	1380	1850
3128	1334	1841
3378	1296	1822
3638	1266	1809
3894	1234	1795
4095	1203	1785
74	1924	1925
113	1926	1929
152	1934	1941
353	1949	1964
554	1876	1977
909	1821	1970
1330	1777	1961
1680	1737	1950
1991	1708	1938
2299	1685	1924
2590	1661	1903
2841	1653	1868
3095	1639	1834
3348	1610	1815
3611	1594	1806
3868	1570	1793
4095	1538	1784
67	2153	1895
100	2156	1898
122	2165	1907
286	2179	1924
449	2137	1943
720	2060	1959
1223	2021	1952
1608	1988	1946
1933	1962	1935
2254	1938	1919
2553	1920	1905
2821	1904	1890
3072	1899	1851
3318	1887	1812
3582	1869	1802
3842	1856	1790
4095	1836	1779
66	2417	1864
87	2419	1865
108	2427	1872
244	2441	1884
380	2449	1902
642	2363	1920
1130	2309	1940
1532	2270	1937
1877	2237	1925
2203	2209	1911
2518	2189	1898
2794	2173	1888
3053	2161	1865
3299	2161	1828
3553	2157	1797
3818	2142	1787
4071	2130	1776
66	2650	1843
84	2652	1844
92	2659	1850
207	2671	1859
322	2690	1874
565	2640	1880
956	2597	1888
1433	2555	1903
1822	2522	1916
2163	2500	1904
2474	2482	1891
2766	2469	1881
3030	2457	1866
3281	2455	1835
3530	2453	1798
3794	2435	1786
4050	2424	1776
74	2882	1825
87	2883	1827
90	2890	1831
192	2901	1839
294	2918	1851
456	2902	1869
756	2855	1862
1275	2828	1857
1714	2798	1864
2093	2772	1872
2422	2751	1869
2725	2737	1865
2999	2728	1850
3257	2722	1827
3507	2720	1813
3771	2715	1776
4042	2696	1737
92	3111	1806
89	3113	1807
94	3119	1810
191	3131	1818
289	3148	1828
417	3167	1842
672	3111	1856
1192	3082	1849
1637	3058	1841
2012	3037	1832
2346	3022	1825
2661	3008	1827
2945	2996	1813
3221	2991	1784
3482	2984	1742
3767	2972	1706
4048	2954	1656
107	3328	1789
112	3330	1790
114	3335	1792
199	3346	1797
284	3364	1806
398	3387	1817
588	3359	1845
1000	3324	1840
1534	3303	1817
1920	3290	1803
2275	3278	1785
2595	3267	1759
2883	3257	1732
3165	3250	1699
3454	3241	1659
3748	3229	1608
4040	3214	1534
119	3552	1732
119	3553	1732
120	3558	1733
172	3568	1735
273	3566	1739
395	3563	1743
563	3556	1828
690	3597	1778
1245	3568	1761
1758	3547	1736
2154	3534	1712
2504	3522	1679
2811	3515	1643
3109	3505	1599
3402	3497	1540
3705	3481	1495
4000	3470	1447
148	3786	1675
155	3787	1675
160	3792	1674
186	3800	1673
257	3814	1672
381	3833	1669
413	3858	1663
499	3877	1700
861	3843	1677
1514	3821	1648
1971	3804	1614
2328	3799	1542
2699	3787	1509
3026	3774	1468
3335	3763	1428
3643	3751	1375
3943	3735	1316
177	4023	1538
178	4024	1539
181	4029	1541
188	4036	1544
204	4049	1549
229	4065	1555
264	4087	1561
308	4095	1567
679	4095	1518
1051	4095	1496
1720	4081	1463
2188	4065	1428
2595	4053	1387
2934	4042	1342
3254	4030	1282
3570	4017	1207
3879	4003	1121
198	491	2097
290	451	2111
524	411	2161
781	316	2151
1128	267	2135
1475	191	2121
1762	158	2107
1974	145	2091
2223	139	2075
2465	134	2058
2698	132	2045
2919	135	2028
3151	142	2018
3383	160	2008
3613	178	2004
3846	180	1982
4079	182	1969
184	598	2156
255	584	2180
471	542	2234
688	405	2213
1154	391	2187
1472	318	2163
1781	255	2140
2007	226	2117
2237	207	2096
2481	204	2076
2711	231	2059
2932	208	2040
3161	212	2029
3392	208	2017
3627	205	2011
3860	199	1988
4091	187	1975
159	803	2199
204	737	2221
404	772	2288
665	630	2276
1102	515	2222
1440	446	2201
1758	436	2179
1966	395	2159
2314	369	2173
2560	355	2141
2758	330	2110
2978	281	2084
3201	281	2066
3423	256	2048
3667	284	2026
3902	217	2011
4095	202	1996
123	1037	2180
146	1052	2196
300	1001	2251
617	955	2251
935	741	2257
1323	639	2240
1647	618	2218
1925	564	2201
2207	531	2180
2518	505	2162
2775	463	2140
2996	431	2122
3225	400	2106
3452	382	2087
3731	364	2073
3960	316	2050
4095	310	2032
102	1313	2162
136	1312	2172
251	1278	2211
475	1223	2227
772	1091	2231
1197	967	2218
1546	883	2201
1846	820	2182
2130	786	2161
2417	735	2143
2675	699	2123
2914	674	2105
3154	655	2088
3434	574	2088
3689	490	2071
3937	447	2053
4095	418	2043
94	1541	2147
126	1545	2155
202	1555	2182
380	1522	2210
667	1402	2209
1121	1315	2199
1477	1239	2184
1781	1177	2167
2071	1135	2152
2370	1099	2135
2636	1070	2117
2876	1049	2101
3123	1017	2088
3401	929	2083
3658	886	2070
3912	857	2052
4095	815	2041
86	1732	2170
131	1735	2175
176	1744	2195
401	1735	2229
626	1656	2233
1035	1580	2229
1415	1523	2219
1728	1481	2198
2021	1447	2170
2319	1424	2138
2594	1408	2111
2864	1364	2105
3121	1331	2091
3371	1299	2077
3627	1266	2063
3883	1231	2047
4095	1208	2038
81	1921	2174
122	1924	2179
162	1932	2194
362	1947	2222
563	1874	2242
883	1820	2240
1324	1780	2232
1673	1739	2218
1984	1709	2204
2288	1687	2182
2578	1670	2151
2833	1655	2114
3088	1637	2086
3343	1613	2071
3600	1593	2056
3857	1567	2045
4095	1550	2036
79	2145	2159
103	2148	2162
126	2157	2174
289	2169	2195
452	2135	2219
732	2059	2228
1230	2022	2222
1600	1990	2215
1928	1962	2202
2248	1938	2187
2547	1921	2174
2813	1905	2150
3067	1901	2111
3312	1889	2065
3572	1870	2052
3831	1857	2041
4087	1849	2032
76	2406	2133
96	2408	2135
116	2416	2144
253	2430	2160
389	2444	2184
631	2357	2201
1115	2312	2216
1524	2270	2205
1874	2238	2194
2202	2210	2179
2514	2192	2167
2788	2172	2153
3050	2155	2136
3297	2159	2093
3545	2155	2049
3806	2138	2037
4066	2127	2031
77	2650	2091
96	2651	2093
106	2658	2100
220	2671	2112
334	2689	2130
577	2634	2145
969	2590	2173
1456	2547	2194
1816	2521	2185
2159	2500	2172
2469	2483	2159
2760	2468	2145
3028	2456	2135
3286	2446	2114
3531	2438	2071
3782	2440	2034
4045	2430	2030
88	2884	2075
97	2886	2076
117	2892	2082
215	2902	2091
322	2919	2106
486	2902	2122
770	2856	2114
1310	2821	2133
1748	2788	2154
2118	2760	2163
2436	2745	2151
2726	2732	2140
3005	2720	2129
3270	2711	2118
3517	2709	2083
3767	2708	2034
4039	2698	1995
100	3115	2058
109	3117	2059
128	3124	2064
227	3135	2072
327	3151	2084
471	3169	2100
708	3112	2107
1206	3080	2100
1646	3056	2091
2035	3030	2106
2380	3010	2116
2688	2994	2121
2972	2986	2111
3241	2978	2080
3499	2973	2037
3764	2966	1980
4043	2952	1930
112	3329	2038
123	3331	2039
133	3337	2043
227	3348	2050
321	3365	2060
456	3387	2074
647	3358	2098
1018	3327	2093
1525	3306	2071
1918	3291	2058
2265	3277	2041
2595	3267	2030
2891	3255	2014
3172	3246	1986
3454	3239	1945
3740	3230	1896
4032	3211	1839
130	3551	1988
142	3550	1989
159	3547	1991
194	3547	1994
316	3546	1999
473	3551	2006
615	3543	2084
804	3598	2042
1283	3569	2027
1750	3550	2008
2140	3539	1987
2494	3524	1956
2801	3516	1926
3100	3508	1890
3390	3497	1851
3697	3484	1822
3988	3465	1779
155	3788	1938
161	3790	1938
171	3794	1938
228	3803	1939
299	3817	1939
452	3835	1938
470	3861	1940
565	3884	1979
832	3850	1959
1478	3827	1936
1902	3818	1880
2317	3801	1856
2690	3788	1832
3017	3776	1801
3320	3760	1763
3632	3750	1728
3937	3734	1682
179	4025	1850
180	4026	1851
184	4031	1853
191	4039	1857
211	4051	1862
239	4068	1869
278	4089	1876
319	4095	1885
571	4095	1846
1027	4095	1827
1693	4085	1801
2180	4068	1773
2586	4051	1738
2920	4037	1702
3242	4028	1664
3559	4015	1619
3875	4004	1564
190	565	2353
285	521	2371
496	476	2422
754	363	2414
1097	297	2402
1440	256	2389
1752	207	2376
1954	177	2358
2198	168	2339
2449	156	2320
2685	153	2306
2908	154	2290
3142	167	2278
3375	182	2267
3601	198	2258
3834	203	2236
4069	203	2226
191	606	2403
237	629	2423
429	583	2485
673	448	2469
1063	419	2449
1413	366	2428
1750	275	2407
2002	255	2385
2216	230	2364
2463	220	2341
2698	214	2323
2920	222	2305
3151	226	2291
3384	224	2278
3619	215	2257
3848	212	2244
4080	209	2233
162	812	2464
209	742	2483
389	796	2553
637	650	2547
1030	541	2488
1365	475	2468
1693	462	2448
1959	422	2429
2280	372	2441
2532	364	2410
2746	349	2383
2962	345	2357
3189	315	2334
3414	278	2316
3658	256	2289
3893	240	2273
4095	224	2257
152	1018	2445
155	1026	2459
286	1010	2511
588	976	2523
889	756	2527
1317	658	2509
1635	648	2489
1915	588	2472
2198	545	2453
2478	509	2433
2766	485	2416
2985	469	2400
3213	422	2380
3438	407	2359
3716	370	2348
3951	334	2323
4095	324	2300
105	1304	2429
142	1313	2440
248	1286	2477
484	1258	2499
748	1113	2503
1177	993	2489
1535	912	2472
1845	844	2454
2124	799	2433
2408	749	2414
2665	720	2393
2904	701	2377
3140	678	2358
3425	557	2364
3677	513	2348
3929	463	2333
4095	423	2313
99	1536	2414
130	1539	2422
209	1550	2448
374	1536	2479
629	1427	2480
1081	1332	2469
1466	1252	2455
1776	1187	2440
2063	1141	2421
2358	1107	2404
2628	1083	2388
2870	1063	2374
3153	983	2377
3396	937	2360
3650	896	2345
3902	869	2328
4095	830	2316
94	1745	2405
137	1747	2411
180	1755	2431
304	1745	2467
594	1678	2468
964	1605	2462
1375	1548	2450
1706	1498	2431
2009	1463	2412
2308	1434	2396
2586	1415	2382
2860	1376	2384
3114	1340	2369
3365	1303	2352
3621	1270	2338
3877	1238	2323
4095	1210	2312
88	1929	2424
130	1932	2429
171	1940	2444
296	1955	2472
548	1892	2487
861	1834	2489
1306	1788	2486
1656	1750	2475
1970	1717	2452
2276	1695	2432
2564	1681	2403
2824	1669	2377
3083	1645	2363
3337	1616	2346
3594	1593	2332
3851	1573	2320
4095	1558	2308
87	2148	2427
112	2150	2430
138	2158	2442
288	2170	2464
439	2144	2485
700	2064	2499
1189	2029	2500
1590	1995	2492
1919	1964	2478
2242	1942	2465
2540	1925	2449
2807	1919	2418
3057	1898	2375
3309	1891	2340
3565	1878	2326
3825	1861	2316
4081	1845	2303
86	2403	2417
109	2405	2419
128	2412	2429
263	2426	2446
398	2443	2470
646	2363	2484
1111	2314	2491
1513	2274	2481
1866	2238	2470
2194	2214	2458
2510	2194	2446
2785	2177	2434
3044	2160	2415
3292	2160	2373
3537	2158	2325
3801	2146	2310
4058	2135	2301
87	2647	2379
105	2648	2381
126	2655	2388
243	2667	2401
361	2685	2420
581	2633	2441
952	2588	2466
1446	2551	2473
1815	2526	2465
2152	2501	2450
2466	2486	2439
2757	2471	2428
3023	2457	2416
3284	2446	2406
3528	2445	2360
3780	2443	2313
4022	2444	2301
94	2884	2346
108	2886	2348
131	2892	2355
238	2903	2367
345	2918	2382
533	2904	2396
783	2855	2412
1337	2818	2436
1761	2784	2455
2110	2763	2443
2432	2747	2432
2725	2737	2422
3004	2727	2414
3266	2714	2403
3518	2708	2387
3774	2704	2331
4036	2699	2272
118	3116	2327
126	3118	2329
136	3124	2334
231	3135	2344
367	3150	2359
495	3167	2377
744	3113	2381
1191	3083	2375
1644	3053	2400
2056	3024	2418
2399	3007	2428
2700	2997	2420
2974	2984	2403
3248	2975	2387
3514	2962	2364
3778	2956	2303
4044	2950	2231
177	3330	2307
184	3332	2308
202	3338	2313
244	3350	2322
360	3366	2335
509	3388	2352
706	3358	2374
1001	3331	2363
1523	3312	2352
1917	3295	2343
2295	3272	2350
2624	3258	2358
2920	3247	2353
3199	3235	2329
3476	3224	2285
3752	3215	2224
4028	3205	2148
203	3527	2258
195	3527	2259
212	3528	2262
238	3529	2268
353	3535	2276
504	3541	2288
667	3536	2363
841	3602	2328
1225	3574	2314
1741	3552	2294
2128	3541	2275
2486	3529	2249
2797	3518	2224
3101	3503	2200
3394	3490	2171
3688	3474	2133
3979	3464	2093
229	3790	2210
205	3791	2210
223	3796	2211
231	3804	2214
344	3818	2218
493	3840	2225
528	3865	2229
592	3891	2275
802	3854	2254
1454	3829	2232
1901	3820	2188
2308	3804	2166
2681	3790	2140
3005	3775	2111
3312	3761	2081
3618	3745	2047
3925	3732	2009
196	4027	2144
199	4028	2145
207	4032	2148
213	4040	2153
241	4051	2161
253	4068	2172
302	4092	2186
329	4095	2201
463	4095	2159
1012	4095	2139
1691	4088	2118
2168	4071	2093
2567	4054	2061
2911	4041	2030
3229	4028	1995
3548	4017	1956
3857	4001	1911
201	585	2595
291	580	2614
416	517	2667
728	420	2660
1115	357	2650
1439	277	2639
1695	247	2628
1921	214	2611
2173	197	2594
2430	193	2575
2669	185	2559
2895	190	2545
3133	192	2532
3359	211	2522
3595	221	2506
3832	227	2497
4056	220	2482
197	619	2642
261	673	2658
415	623	2717
659	491	2709
1057	439	2693
1399	389	2674
1704	294	2654
1956	286	2636
2187	258	2617
2441	240	2594
2681	229	2575
2905	238	2559
3146	241	2545
3367	240	2532
3606	241	2515
3844	231	2503
4068	230	2489
192	802	2715
226	766	2732
377	814	2793
627	671	2801
960	556	2737
1325	501	2718
1661	406	2698
1998	391	2727
2269	409	2690
2511	382	2661
2725	370	2635
2946	364	2612
3177	331	2590
3403	299	2569
3641	298	2546
3883	291	2529
4095	247	2515
176	1047	2699
184	1012	2712
305	1006	2759
582	987	2777
860	764	2781
1251	687	2762
1617	662	2743
1904	606	2728
2188	561	2709
2475	522	2689
2751	509	2670
2971	492	2653
3201	465	2636
3426	416	2615
3705	371	2608
3939	350	2579
4095	343	2560
142	1293	2681
195	1298	2691
248	1285	2726
496	1244	2752
744	1111	2756
1156	1006	2743
1521	919	2726
1819	849	2708
2111	811	2687
2395	768	2666
2657	746	2645
2889	721	2627
3130	711	2611
3417	571	2625
3675	524	2612
3919	470	2592
4095	438	2576
107	1536	2668
138	1539	2675
216	1549	2701
367	1537	2734
618	1421	2734
1062	1324	2723
1442	1258	2710
1770	1199	2696
2056	1155	2676
2350	1127	2657
2618	1096	2641
2859	1066	2624
3147	999	2638
3389	950	2620
3641	910	2604
3893	881	2590
4095	849	2578
102	1746	2655
143	1748	2660
184	1755	2680
297	1751	2716
565	1681	2715
946	1613	2707
1343	1543	2695
1693	1504	2683
2004	1474	2668
2303	1447	2650
2578	1424	2632
2856	1376	2642
3112	1346	2630
3359	1313	2614
3615	1283	2599
3868	1250	2584
4095	1219	2574
95	1938	2648
131	1940	2652
167	1950	2667
280	1965	2695
464	1910	2708
839	1847	2706
1294	1801	2700
1630	1763	2687
1949	1736	2669
2262	1710	2657
2555	1691	2645
2819	1670	2634
3080	1650	2623
3330	1625	2605
3587	1601	2593
3842	1580	2580
4095	1564	2570
94	2153	2663
121	2155	2666
157	2164	2678
273	2177	2701
433	2148	2721
750	2075	2732
1143	2038	2737
1574	2000	2736
1908	1971	2724
2229	1952	2704
2525	1938	2678
2791	1926	2649
3045	1918	2612
3303	1894	2600
3558	1879	2586
3818	1871	2577
4071	1861	2565
96	2401	2672
121	2403	2674
147	2410	2684
277	2424	2702
407	2449	2728
661	2366	2734
1087	2317	2751
1515	2276	2744
1861	2245	2734
2193	2218	2721
2503	2197	2709
2777	2175	2694
3032	2172	2660
3283	2176	2620
3532	2163	2581
3794	2153	2571
4049	2143	2562
97	2643	2648
126	2645	2651
154	2651	2658
277	2663	2672
401	2680	2692
590	2632	2711
956	2588	2732
1429	2554	2736
1806	2526	2725
2149	2502	2713
2463	2487	2702
2752	2474	2691
3020	2463	2681
3278	2452	2665
3522	2449	2619
3775	2446	2576
4019	2450	2560
102	2886	2604
118	2888	2606
173	2894	2613
253	2905	2626
395	2920	2644
554	2904	2668
797	2852	2689
1351	2815	2715
1755	2788	2719
2113	2767	2709
2428	2752	2697
2727	2740	2687
2999	2729	2677
3262	2718	2667
3520	2709	2657
3776	2704	2608
4033	2696	2549
148	3119	2587
147	3120	2588
255	3126	2594
278	3137	2605
407	3153	2620
518	3170	2640
766	3117	2640
1218	3081	2662
1663	3050	2686
2071	3023	2701
2395	3008	2691
2693	2997	2679
2971	2987	2668
3242	2978	2656
3508	2963	2639
3784	2950	2610
4047	2941	2543
242	3335	2570
223	3337	2571
265	3342	2576
304	3354	2585
399	3370	2598
562	3392	2617
734	3362	2632
995	3335	2623
1522	3314	2617
1942	3288	2640
2321	3268	2658
2640	3252	2661
2923	3243	2645
3203	3233	2627
3480	3220	2602
3769	3205	2570
4038	3194	2520
243	3515	2596
259	3515	2597
275	3518	2536
288	3522	2543
391	3529	2552
535	3536	2613
634	3535	2618
807	3606	2600
1221	3579	2590
1718	3560	2574
2116	3544	2557
2501	3523	2562
2825	3507	2565
3133	3494	2556
3422	3474	2535
3716	3463	2506
3994	3451	2459
243	3794	2493
250	3795	2494
264	3801	2496
272	3810	2500
359	3823	2505
508	3842	2512
535	3868	2522
576	3893	2564
771	3861	2548
1440	3834	2529
1869	3823	2498
2301	3805	2479
2675	3790	2457
3000	3777	2439
3316	3758	2426
3623	3743	2401
3922	3729	2363
213	4026	2455
218	4028	2456
228	4032	2459
234	4041	2465
245	4054	2474
260	4070	2486
308	4091	2499
341	4095	2516
558	4095	2477
965	4095	2462
1637	4090	2443
2147	4069	2421
2565	4052	2396
2902	4042	2372
3219	4030	2339
3531	4015	2302
3846	4002	2260
220	605	2827
296	622	2843
396	574	2899
686	483	2902
1111	395	2896
1410	339	2879
1659	278	2865
1900	261	2850
2161	232	2832
2415	224	2814
2659	223	2800
2895	227	2788
3123	223	2775
3359	236	2765
3588	252	2750
3821	256	2737
4052	260	2729
225	632	2877
293	628	2893
380	624	2939
658	570	2946
1040	483	2932
1390	435	2914
1694	322	2896
1906	321	2876
2162	275	2855
2428	259	2833
2669	244	2816
2900	254	2802
3134	259	2786
3367	264	2776
3598	267	2759
3833	260	2744
4064	267	2736
230	750	2959
265	791	2975
365	810	3031
617	762	3050
901	572	2980
1322	532	2961
1670	434	2941
1983	415	2963
2256	424	2931
2500	399	2903
2715	394	2876
2932	387	2853
3163	347	2830
3404	344	2815
3633	331	2792
3874	318	2773
4095	278	2762
222	1018	2943
212	998	2955
316	997	3001
564	954	3028
832	824	3028
1208	716	3009
1594	683	2986
1900	574	2974
2182	574	2956
2456	539	2937
2736	537	2918
2964	521	2899
3190	467	2877
3452	424	2875
3693	395	2851
3932	375	2828
4095	374	2807
171	1286	2926
210	1298	2935
249	1278	2970
488	1258	3003
726	1138	3005
1110	1042	2990
1505	933	2971
1803	866	2952
2106	823	2930
2386	800	2910
2648	780	2889
2882	746	2867
3118	662	2847
3417	605	2877
3668	546	2859
3915	489	2844
4095	471	2824
120	1525	2911
146	1527	2918
239	1535	2945
374	1532	2982
623	1411	2984
1044	1340	2973
1423	1259	2957
1736	1208	2942
2047	1156	2918
2346	1138	2902
2611	1113	2882
2849	1099	2862
3144	1001	2886
3386	973	2870
3638	935	2855
3889	895	2840
4095	867	2828
117	1742	2899
141	1742	2904
211	1750	2924
310	1748	2961
556	1678	2965
931	1614	2954
1362	1566	2944
1687	1509	2927
1999	1483	2911
2295	1458	2893
2597	1413	2905
2852	1380	2891
3109	1358	2878
3358	1328	2865
3610	1294	2848
3864	1263	2835
4095	1242	2823
111	1940	2887
137	1941	2892
175	1950	2907
286	1963	2935
448	1912	2947
853	1859	2939
1287	1811	2929
1632	1773	2917
1946	1741	2920
2260	1715	2908
2554	1696	2897
2817	1677	2884
3078	1654	2871
3328	1633	2856
3583	1613	2842
3838	1589	2830
4091	1567	2821
108	2166	2880
129	2168	2884
164	2177	2898
258	2194	2920
427	2167	2954
777	2101	2949
1143	2051	2950
1545	2014	2945
1886	1986	2933
2209	1966	2915
2510	1952	2892
2782	1936	2873
3044	1920	2861
3301	1901	2850
3556	1889	2838
3814	1877	2825
4068	1872	2816
110	2409	2905
125	2411	2907
172	2417	2917
296	2430	2936
420	2448	2964
701	2379	2966
1059	2331	2976
1498	2286	2980
1847	2251	2974
2184	2223	2962
2488	2206	2941
2763	2194	2914
3021	2186	2884
3274	2182	2846
3529	2173	2831
3791	2156	2821
4046	2146	2812
112	2640	2895
126	2641	2898
181	2647	2905
297	2659	2920
413	2676	2943
634	2635	2958
937	2593	2978
1429	2552	2990
1813	2526	2980
2144	2506	2968
2460	2488	2957
2745	2476	2947
3017	2464	2936
3266	2460	2898
3517	2453	2858
3767	2457	2816
4021	2453	2809
121	2880	2864
127	2882	2866
208	2887	2874
256	2897	2887
430	2911	2906
604	2897	2928
847	2851	2951
1342	2815	2975
1754	2786	2973
2107	2767	2962
2428	2754	2953
2717	2739	2941
2993	2728	2930
3261	2719	2921
3516	2711	2908
3772	2704	2859
4035	2698	2810
167	3121	2837
167	3123	2838
284	3130	2844
315	3141	2855
448	3154	2871
620	3170	2892
808	3114	2907
1233	3077	2932
1694	3046	2959
2064	3022	2955
2401	3009	2946
2691	2998	2935
2966	2987	2924
3239	2977	2915
3505	2965	2904
3784	2945	2888
4050	2939	2832
258	3337	2819
262	3338	2820
291	3344	2825
363	3355	2834
436	3372	2848
664	3356	2866
799	3372	2881
972	3341	2877
1533	3309	2898
1968	3282	2922
2324	3264	2938
2632	3254	2926
2918	3244	2914
3194	3234	2900
3476	3221	2882
3764	3204	2859
4048	3189	2841
284	3512	2829
291	3513	2829
298	3516	2832
370	3522	2837
424	3532	2845
638	3542	2853
670	3549	2866
824	3613	2860
1194	3583	2852
1707	3563	2838
2144	3537	2858
2525	3516	2878
2847	3500	2887
3137	3486	2865
3430	3474	2848
3724	3455	2824
4016	3443	2805
257	3795	2759
270	3797	2760
283	3802	2763
356	3811	2768
386	3824	2775
523	3842	2784
542	3866	2795
589	3893	2830
750	3863	2821
1286	3851	2801
1847	3828	2786
2292	3807	2766
2681	3784	2771
3033	3764	2779
3349	3746	2777
3657	3729	2760
3952	3717	2728
230	4027	2737
237	4028	2738
247	4032	2742
256	4040	2749
270	4053	2760
290	4071	2774
336	4094	2791
353	4095	2809
598	4095	2771
936	4095	2756
1619	4092	2739
2135	4071	2719
2552	4058	2700
2893	4044	2677
3211	4032	2656
3539	4016	2645
3850	3998	2616
291	625	3061
333	665	3075
386	624	3129
546	583	3147
974	474	3134
1302	414	3119
1631	333	3103
1889	301	3087
2154	276	3072
2418	271	3055
2664	263	3040
2885	261	3026
3115	254	3014
3335	263	3004
3589	282	2986
3819	290	2976
4049	296	2967
279	659	3106
303	642	3121
378	625	3166
560	615	3180
977	530	3167
1359	497	3153
1656	369	3133
1895	350	3114
2151	293	3095
2421	277	3075
2670	270	3056
2900	267	3039
3124	277	3026
3347	288	3015
3599	294	2996
3832	294	2985
4059	297	2974
276	701	3201
298	729	3215
370	756	3265
574	789	3292
893	685	3217
1290	580	3263
1628	479	3233
1965	439	3201
2225	438	3172
2474	430	3142
2702	418	3115
2931	412	3089
3159	349	3071
3389	368	3049
3624	357	3030
3868	353	3015
4095	308	2999
239	1006	3185
240	959	3197
327	987	3239
556	963	3271
804	839	3266
1165	739	3247
1560	608	3225
1880	542	3219
2169	622	3201
2449	584	3179
2728	566	3161
2950	557	3139
3183	476	3119
3444	448	3120
3685	420	3095
3927	413	3071
4095	405	3049
173	1305	3169
177	1273	3179
268	1294	3212
472	1269	3249
708	1148	3245
1130	1056	3230
1485	949	3211
1813	895	3192
2094	869	3173
2380	838	3148
2637	806	3124
2871	786	3101
3172	695	3140
3410	612	3120
3664	553	3105
3910	535	3089
4095	503	3068
161	1546	3157
162	1538	3164
249	1534	3189
381	1533	3230
605	1438	3225
1026	1372	3212
1400	1283	3196
1743	1222	3180
2046	1196	3162
2337	1159	3141
2602	1142	3115
2886	1055	3145
3139	1026	3132
3382	993	3116
3633	959	3099
3884	921	3085
4095	884	3070
137	1746	3141
159	1748	3148
222	1745	3168
313	1760	3204
547	1678	3206
916	1626	3196
1357	1572	3183
1684	1522	3167
1996	1501	3151
2288	1479	3132
2596	1426	3151
2851	1397	3139
3106	1374	3123
3353	1346	3109
3607	1312	3094
3858	1278	3079
4095	1247	3068
127	1946	3127
155	1948	3132
183	1953	3150
291	1962	3179
475	1920	3191
851	1867	3182
1285	1818	3169
1631	1782	3157
1947	1752	3170
2260	1729	3156
2553	1704	3143
2816	1686	3129
3073	1668	3114
3324	1647	3100
3578	1625	3086
3835	1598	3076
4083	1593	3061
121	2172	3137
145	2173	3141
168	2180	3155
279	2191	3179
422	2175	3201
765	2107	3183
1143	2065	3176
1547	2029	3169
1886	2000	3159
2207	1979	3148
2507	1960	3131
2781	1942	3118
3041	1928	3106
3298	1912	3094
3551	1899	3080
3813	1890	3072
4060	1876	3055
124	2421	3123
137	2423	3127
183	2430	3138
266	2442	3159
402	2455	3186
711	2396	3183
1041	2350	3188
1485	2305	3186
1836	2272	3180
2165	2245	3167
2478	2230	3148
2750	2214	3121
3010	2204	3099
3271	2191	3087
3525	2175	3074
3787	2165	3065
4039	2152	3053
128	2647	3129
146	2648	3131
197	2655	3141
264	2666	3159
416	2683	3181
670	2645	3192
981	2603	3203
1413	2565	3211
1797	2536	3216
2145	2514	3213
2454	2495	3198
2742	2486	3178
3001	2478	3150
3255	2473	3115
3504	2472	3076
3766	2465	3061
4022	2449	3051
139	2881	3114
155	2882	3116
218	2888	3124
267	2898	3138
449	2914	3160
630	2904	3182
896	2853	3196
1343	2820	3214
1755	2788	3225
2106	2770	3214
2425	2754	3202
2728	2743	3192
2993	2731	3181
3257	2722	3173
3503	2718	3135
3767	2712	3097
4029	2698	3054
179	3121	3081
221	3122	3083
316	3128	3089
352	3139	3101
524	3154	3118
683	3131	3142
850	3109	3166
1260	3074	3189
1689	3044	3212
2068	3023	3208
2397	3011	3198
2682	3000	3188
2963	2989	3181
3234	2979	3175
3500	2965	3166
3778	2948	3151
4043	2938	3095
263	3338	3064
273	3340	3066
332	3346	3071
400	3334	3081
580	3347	3095
696	3345	3072
803	3377	3131
995	3339	3144
1556	3305	3169
1952	3282	3198
2309	3266	3200
2623	3255	3190
2912	3246	3182
3191	3234	3170
3471	3221	3158
3760	3205	3142
4044	3185	3131
290	3516	3061
319	3517	3062
348	3522	3066
440	3529	3072
533	3541	3083
670	3558	3097
797	3574	3116
841	3616	3119
1191	3586	3111
1712	3560	3130
2160	3533	3159
2540	3512	3180
2835	3499	3164
3131	3487	3150
3422	3475	3135
3721	3459	3118
4007	3440	3095
268	3797	3018
304	3798	3019
340	3803	3023
397	3811	3029
462	3824	3037
562	3842	3049
582	3866	3064
603	3894	3082
780	3887	3086
1242	3851	3075
1837	3826	3061
2327	3800	3075
2717	3774	3097
3060	3753	3113
3358	3738	3093
3663	3725	3073
3960	3711	3051
247	4030	3014
256	4031	3015
265	4036	3019
271	4044	3026
283	4056	3037
312	4071	3050
348	4093	3069
365	4095	3089
611	4095	3051
909	4095	3041
1575	4095	3023
2126	4074	3006
2534	4059	2987
2904	4040	2993
3248	4022	3003
3574	4002	2998
3889	3988	2981
300	655	3289
338	666	3302
375	713	3350
453	683	3379
832	561	3366
1233	483	3352
1603	412	3335
1871	377	3319
2134	341	3305
2411	313	3289
2648	302	3274
2870	298	3259
3102	292	3250
3341	301	3235
3580	320	3225
3814	329	3212
4045	324	3203
297	686	3329
349	695	3342
372	721	3390
506	650	3417
913	580	3401
1284	559	3383
1619	415	3363
1887	379	3344
2140	346	3326
2417	321	3308
2662	314	3290
2879	307	3273
3115	295	3261
3346	303	3246
3589	317	3234
3826	327	3221
4056	329	3211
295	734	3438
332	761	3451
369	789	3502
515	756	3538
858	724	3522
1247	634	3491
1587	545	3461
1953	497	3431
2193	509	3405
2442	475	3376
2697	458	3349
2912	437	3325
3151	351	3305
3381	392	3284
3613	323	3269
3859	331	3251
4095	338	3239
257	1032	3425
259	1015	3434
312	998	3476
488	988	3516
803	869	3499
1197	776	3477
1526	675	3456
1862	614	3431
2185	671	3438
2417	629	3418
2706	603	3394
2943	567	3375
3115	486	3307
3434	481	3355
3675	459	3329
3911	451	3307
4095	443	3287
195	1324	3411
201	1317	3420
287	1288	3450
460	1270	3492
695	1151	3478
1149	1057	3461
1484	993	3441
1803	932	3422
2083	905	3398
2368	867	3374
2624	841	3350
2858	811	3327
3169	680	3380
3407	643	3362
3656	604	3343
3902	563	3328
4095	547	3306
163	1576	3394
188	1573	3402
245	1537	3426
388	1535	3469
598	1437	3459
1053	1364	3443
1414	1289	3427
1738	1248	3409
2037	1212	3388
2318	1200	3365
2594	1177	3343
2884	1083	3386
3135	1048	3371
3380	995	3356
3631	980	3341
3878	937	3324
4095	910	3310
157	1758	3376
180	1761	3382
224	1772	3404
316	1772	3442
530	1690	3441
903	1626	3428
1372	1589	3416
1685	1549	3397
1981	1516	3378
2307	1469	3405
2595	1432	3391
2851	1414	3378
3103	1391	3361
3350	1360	3347
3604	1329	3333
3853	1301	3318
4095	1270	3306
143	1955	3363
173	1958	3368
203	1967	3385
310	1978	3418
460	1932	3427
843	1879	3417
1295	1832	3402
1627	1787	3418
1943	1759	3406
2251	1734	3394
2548	1716	3382
2814	1696	3366
3071	1678	3354
3322	1660	3337
3577	1643	3327
3831	1616	3313
4081	1604	3302
136	2178	3376
161	2182	3380
191	2195	3394
305	2201	3420
416	2186	3443
768	2111	3424
1157	2070	3415
1540	2037	3406
1874	2008	3396
2208	1988	3385
2508	1970	3372
2779	1952	3356
3040	1937	3344
3294	1923	3330
3551	1916	3321
3806	1900	3306
4059	1889	3296
139	2429	3362
148	2431	3365
210	2438	3376
291	2453	3398
409	2468	3428
693	2413	3415
1022	2366	3406
1468	2325	3395
1812	2291	3384
2159	2266	3374
2470	2246	3361
2747	2229	3349
3010	2213	3337
3268	2200	3324
3525	2186	3313
3782	2173	3301
4039	2164	3292
142	2659	3347
158	2661	3350
227	2667	3359
297	2678	3376
419	2695	3402
680	2662	3405
985	2621	3411
1428	2580	3412
1784	2553	3412
2117	2532	3406
2438	2516	3392
2729	2508	3374
2987	2498	3346
3244	2491	3317
3502	2483	3309
3754	2476	3291
4025	2453	3294
154	2890	3343
183	2892	3345
228	2898	3353
338	2908	3368
471	2922	3389
699	2912	3408
924	2866	3421
1356	2829	3431
1748	2800	3441
2107	2776	3444
2431	2763	3444
2713	2749	3429
2987	2743	3407
3242	2739	3374
3493	2733	3348
3757	2724	3315
4031	2704	3306
195	3123	3323
247	3125	3325
346	3130	3332
437	3142	3343
560	3158	3361
719	3148	3385
950	3118	3407
1283	3080	3425
1700	3049	3444
2075	3028	3454
2401	3015	3442
2684	3006	3437
2962	2996	3432
3229	2984	3426
3499	2969	3422
3768	2958	3385
4038	2948	3343
257	3330	3306
283	3332	3307
360	3337	3313
469	3285	3238
618	3301	3253
707	3332	3275
907	3383	3372
1082	3338	3397
1568	3308	3426
1960	3284	3454
2313	3270	3454
2623	3259	3446
2907	3251	3440
3187	3238	3431
3464	3224	3423
3756	3206	3412
4038	3190	3396
287	3538	3295
296	3539	3296
354	3545	3301
444	3556	3310
589	3572	3324
683	3594	3344
897	3623	3369
916	3624	3370
1172	3592	3375
1716	3559	3404
2162	3531	3434
2526	3518	3444
2827	3504	3433
3134	3493	3424
3419	3478	3409
3714	3460	3391
4004	3442	3375
288	3797	3274
289	3798	3276
347	3803	3279
419	3811	3287
539	3826	3298
601	3843	3312
623	3867	3331
646	3831	3354
810	3889	3353
1263	3856	3342
1867	3822	3345
2343	3795	3378
2738	3771	3410
3056	3758	3395
3354	3743	3377
3657	3728	3359
3954	3713	3339
280	4029	3279
281	4031	3280
283	4035	3284
286	4043	3292
296	4055	3304
323	4072	3319
348	4093	3337
376	4095	3360
625	4095	3322
873	4095	3312
1511	4095	3299
2114	4077	3283
2552	4056	3298
2937	4033	3323
3274	4012	3338
3585	3997	3317
3891	3984	3296
382	682	3526
371	682	3539
390	737	3586
444	783	3620
720	732	3609
1090	597	3594
1555	456	3574
1865	416	3558
2139	379	3542
2411	355	3525
2634	341	3510
2862	335	3496
3095	329	3481
3338	341	3466
3583	351	3453
3812	361	3443
4039	369	3433
348	701	3565
371	773	3578
373	817	3624
490	830	3659
829	718	3644
1171	644	3624
1605	460	3602
1879	420	3583
2141	386	3565
2416	365	3543
2648	351	3527
2876	347	3510
3103	333	3493
3344	341	3478
3590	353	3464
3824	359	3452
4049	371	3441
313	769	3622
338	865	3693
355	896	3739
455	877	3774
830	807	3751
1174	691	3725
1612	601	3697
1913	548	3672
2181	507	3642
2447	506	3614
2693	431	3589
2924	462	3562
3139	362	3539
3366	355	3520
3610	355	3502
3858	361	3485
4086	379	3470
264	1083	3678
270	1038	3686
320	1001	3717
421	999	3761
764	897	3731
1180	813	3710
1564	741	3692
1848	677	3668
2127	672	3639
2385	646	3611
2642	630	3584
2893	577	3556
3202	531	3622
3433	510	3598
3672	495	3571
3905	476	3546
4095	476	3522
213	1333	3658
224	1329	3668
260	1295	3694
386	1275	3737
683	1171	3713
1123	1088	3698
1492	1017	3681
1787	955	3657
2070	947	3632
2353	915	3605
2609	876	3580
2913	787	3643
3165	700	3625
3409	657	3608
3653	635	3589
3897	592	3570
4095	572	3544
201	1563	3638
213	1567	3646
247	1565	3674
378	1536	3716
576	1445	3697
1013	1370	3687
1382	1320	3668
1729	1262	3645
2020	1245	3621
2311	1228	3595
2634	1128	3654
2882	1096	3635
3133	1062	3618
3375	1035	3600
3625	997	3582
3876	950	3568
4095	936	3548
192	1761	3621
202	1763	3627
233	1766	3650
327	1762	3688
513	1696	3687
891	1649	3673
1348	1600	3653
1671	1556	3632
1976	1537	3609
2300	1479	3655
2590	1449	3641
2846	1419	3624
3100	1406	3607
3347	1370	3591
3598	1346	3576
3850	1340	3561
4093	1305	3542
159	1955	3607
189	1957	3612
219	1965	3630
319	1981	3665
445	1947	3672
828	1879	3656
1275	1840	3681
1621	1798	3669
1936	1765	3657
2250	1744	3644
2542	1723	3628
2811	1701	3612
3069	1687	3597
3320	1673	3583
3575	1660	3569
3829	1639	3555
4075	1612	3538
152	2180	3625
183	2184	3630
213	2194	3646
311	2204	3673
427	2188	3696
746	2140	3681
1149	2080	3667
1538	2043	3656
1872	2016	3644
2201	1994	3631
2509	1977	3617
2781	1962	3604
3038	1947	3587
3294	1935	3576
3550	1925	3563
3805	1913	3549
4054	1897	3533
144	2433	3609
165	2435	3613
216	2443	3626
317	2453	3649
446	2465	3681
663	2421	3665
1048	2371	3655
1471	2332	3645
1813	2300	3633
2152	2273	3621
2473	2256	3608
2750	2240	3595
3009	2221	3578
3267	2210	3566
3523	2199	3555
3782	2186	3542
4036	2175	3529
156	2664	3593
165	2666	3596
249	2673	3606
329	2684	3626
470	2698	3654
672	2668	3654
999	2629	3641
1390	2598	3632
1746	2573	3621
2102	2548	3609
2430	2534	3597
2715	2523	3585
2981	2511	3573
3244	2501	3559
3501	2490	3548
3759	2481	3535
4027	2450	3539
168	2896	3578
184	2898	3581
282	2904	3589
409	2915	3604
493	2930	3628
722	2923	3641
951	2882	3639
1321	2846	3644
1723	2818	3649
2086	2795	3647
2409	2782	3643
2699	2771	3628
2972	2763	3605
3227	2757	3579
3482	2749	3556
3757	2732	3560
4033	2707	3562
211	3129	3565
223	3131	3567
362	3135	3574
496	3145	3587
596	3162	3607
755	3172	3630
988	3126	3641
1252	3093	3657
1696	3061	3671
2075	3041	3682
2390	3024	3692
2687	3011	3695
2956	3002	3690
3224	2992	3673
3483	2983	3647
3755	2973	3617
4027	2958	3578
251	3253	3400
271	3255	3402
374	3261	3409
503	3242	3421
655	3177	3438
718	3199	3461
961	3385	3629
1104	3351	3654
1532	3317	3678
1949	3292	3704
2291	3275	3722
2609	3263	3715
2901	3254	3711
3180	3242	3707
3464	3228	3703
3754	3208	3696
4022	3199	3646
284	3573	3535
286	3574	3537
364	3579	3542
464	3589	3553
603	3603	3560
696	3622	3581
923	3645	3615
975	3634	3632
1154	3595	3648
1730	3561	3679
2153	3535	3712
2519	3520	3722
2822	3507	3714
3126	3493	3702
3413	3479	3690
3709	3463	3676
3997	3442	3660
300	3804	3539
312	3806	3541
355	3811	3545
425	3819	3554
557	3832	3567
674	3849	3585
675	3872	3612
681	3767	3433
941	3897	3622
1284	3858	3612
1896	3821	3642
2357	3794	3681
2733	3775	3696
3052	3762	3682
3346	3744	3664
3648	3731	3648
3946	3713	3629
335	4036	3547
337	4038	3548
343	4042	3553
340	4051	3562
348	4062	3573
350	4077	3588
362	4095	3608
386	4095	3633
644	4095	3663
837	4095	3591
1564	4095	3573
2114	4078	3577
2581	4054	3615
2956	4027	3649
3265	4013	3630
3579	4001	3614
3885	3987	3593
392	797	3762
404	817	3774
415	852	3816
457	837	3855
688	822	3844
979	703	3830
1501	496	3814
1814	467	3798
2118	415	3781
2411	398	3765
2637	380	3749
2853	363	3733
3092	354	3720
3340	371	3707
3580	385	3696
3810	404	3686
4038	411	3673
360	839	3798
394	847	3810
397	917	3851
438	912	3891
745	856	3877
1041	731	3859
1538	522	3841
1838	474	3822
2127	416	3802
2411	399	3784
2649	387	3765
2870	376	3748
3098	357	3734
3344	372	3719
3589	386	3706
3822	430	3694
4048	415	3682
295	1018	3857
322	999	3934
379	982	3960
419	936	3996
802	890	3976
1102	759	3957
1610	646	3936
1908	593	3906
2162	545	3877
2425	407	3852
2688	403	3825
2917	399	3801
3143	413	3779
3361	459	3763
3609	397	3743
3853	456	3727
4081	464	3712
271	1174	3916
281	1172	3927
329	1046	3958
400	1035	4000
725	924	3957
1163	837	3945
1530	769	3919
1835	712	3892
2107	673	3863
2368	633	3835
2623	659	3806
2860	581	3779
3198	566	3867
3429	546	3838
3657	527	3812
3892	518	3787
4095	512	3765
246	1354	3896
255	1360	3906
289	1360	3939
384	1286	3979
647	1219	3948
1097	1130	3931
1450	1050	3907
1760	978	3883
2057	968	3857
2318	956	3829
2589	914	3804
2910	763	3890
3158	720	3871
3407	699	3852
3648	656	3833
3893	639	3814
4095	612	3788
225	1582	3879
229	1588	3887
249	1585	3914
369	1560	3959
553	1490	3933
964	1432	3915
1417	1358	3894
1704	1307	3873
2010	1262	3848
2294	1249	3823
2630	1148	3898
2876	1099	3880
3130	1074	3862
3372	1055	3844
3621	1022	3826
3869	1000	3810
4095	957	3793
218	1773	3861
220	1777	3867
243	1787	3890
328	1803	3932
438	1763	3917
885	1678	3901
1297	1618	3882
1651	1579	3861
1997	1527	3916
2305	1494	3901
2588	1464	3886
2847	1435	3869
3096	1408	3853
3344	1392	3836
3593	1368	3818
3846	1349	3804
4092	1331	3789
206	1962	3846
207	1964	3852
236	1973	3871
322	1994	3906
388	1945	3958
813	1910	3941
1230	1850	3929
1603	1812	3916
1942	1780	3902
2249	1756	3887
2536	1732	3873
2811	1718	3860
3066	1697	3844
3318	1687	3828
3571	1675	3812
3823	1653	3796
4071	1637	3782
193	2188	3871
194	2192	3875
242	2206	3891
327	2228	3920
442	2208	3951
647	2150	3926
1141	2091	3914
1538	2057	3904
1874	2028	3890
2183	2004	3875
2512	1988	3862
2781	1969	3849
3039	1959	3835
3294	1947	3820
3547	1936	3805
3800	1921	3789
4052	1910	3778
181	2439	3854
183	2441	3858
256	2449	3871
332	2464	3895
483	2483	3930
634	2439	3912
1033	2390	3902
1458	2347	3890
1816	2312	3878
2151	2287	3866
2472	2269	3852
2749	2251	3838
3011	2237	3826
3269	2225	3811
3523	2210	3798
3781	2198	3785
4020	2206	3759
169	2670	3838
171	2671	3841
270	2677	3852
369	2689	3871
511	2707	3900
663	2678	3894
1017	2644	3888
1394	2608	3879
1770	2579	3868
2098	2561	3856
2435	2544	3842
2717	2532	3829
2985	2523	3818
3245	2511	3805
3502	2500	3791
3762	2485	3784
4031	2460	3794
183	2901	3824
185	2902	3827
351	2909	3836
542	2920	3852
617	2937	3875
692	2931	3885
1061	2888	3876
1309	2860	3867
1713	2838	3859
2054	2817	3845
2397	2803	3834
2690	2793	3825
2960	2783	3805
3219	2771	3806
3485	2756	3812
3757	2735	3816
4036	2708	3824
196	3132	3811
199	3133	3813
377	3138	3821
556	3150	3834
640	3164	3853
720	3176	3875
1038	3135	3864
1217	3107	3868
1676	3081	3877
2032	3061	3885
2363	3046	3892
2662	3035	3895
2935	3025	3891
3195	3014	3878
3466	3003	3860
3741	2987	3842
4027	2961	3846
234	3176	3571
238	3178	3573
387	3185	3581
536	3198	3595
629	3216	3616
702	3238	3643
1014	3394	3879
1126	3362	3891
1509	3333	3914
1911	3309	3935
2270	3290	3954
2599	3276	3967
2891	3263	3975
3175	3250	3970
3446	3239	3955
3736	3225	3922
4006	3215	3878
273	3580	3758
277	3581	3760
397	3587	3766
517	3596	3778
618	3611	3795
684	3629	3818
948	3653	3849
1034	3648	3805
1086	3606	3909
1681	3575	3939
2127	3549	3968
2495	3531	3998
2820	3518	3992
3124	3504	3981
3407	3484	3968
3709	3470	3961
3991	3448	3943
312	3806	3801
316	3807	3803
378	3812	3808
440	3820	3819
574	3835	3834
620	3854	3837
766	3762	3863
780	3891	3719
1023	3902	3891
1309	3863	3891
1911	3829	3928
2366	3803	3963
2725	3785	3978
3047	3768	3963
3340	3752	3949
3642	3738	3936
3939	3721	3921
360	4040	3810
360	4041	3811
361	4046	3816
363	4054	3825
366	4066	3838
379	4083	3856
389	4095	3878
526	4095	3906
663	4095	3937
801	4095	3861
1594	4095	3849
2138	4084	3883
2578	4060	3922
2949	4036	3940
3257	4022	3923
3570	4008	3907
3877	3991	3890