0	0	0
501	1	0
1002	2	0
1287	6	1
1517	8	1
1761	10	3
1937	16	4
2142	20	6
2359	27	8
2585	35	10
2815	50	12
3033	55	14
3252	64	16
3471	77	18
3705	84	20
3938	100	20
4095	130	21
13	566	19
389	347	20
953	311	21
1283	232	24
1461	227	24
1714	191	23
1967	161	21
2168	134	20
2381	111	23
2608	100	25
2839	99	26
3049	94	24
3266	101	23
3486	112	22
3717	121	23
3946	123	21
4095	161	14
17	953	37
339	931	40
606	620	43
1081	458	48
1404	447	48
1667	373	44
1957	305	38
2105	248	34
2454	236	38
2685	197	41
2904	172	41
3115	195	35
3319	212	30
3537	225	29
3762	238	26
3985	248	23
4095	192	20
17	1215	70
160	1186	71
299	1024	72
814	841	72
1192	728	71
1492	626	66
1774	526	61
2042	429	52
2323	362	53
2595	294	57
2859	245	55
3066	296	46
3352	317	37
3578	339	35
3807	355	36
4061	374	37
4095	428	40
17	1434	123
109	1440	124
269	1416	133
493	1191	122
1020	1085	122
1372	993	112
1665	902	76
1950	826	70
2233	767	77
2512	706	85
2769	620	88
3018	582	102
3264	554	85
3517	531	78
3779	552	71
4017	573	65
4095	663	59
18	1621	141
93	1626	142
211	1619	148
423	1526	153
759	1411	161
1249	1339	153
1578	1267	130
1866	1196	119
2152	1140	129
2450	1087	137
2707	1043	146
2955	1012	158
3204	967	144
3447	950	130
3719	890	122
3973	860	100
4095	899	78
18	1806	158
86	1809	159
154	1822	164
354	1799	184
555	1682	204
1072	1616	194
1464	1561	189
1775	1511	187
2076	1469	180
2389	1432	191
2662	1399	191
2911	1378	199
3168	1350	190
3422	1330	182
3689	1309	174
3947	1271	135
4095	1237	97
24	1996	176
86	1999	176
149	2009	179
273	2022	223
398	1937	246
916	1858	248
1352	1809	247
1677	1767	242
1998	1734	239
2318	1714	244
2609	1692	236
2870	1670	250
3128	1649	229
3385	1637	208
3655	1622	189
3917	1600	159
4095	1578	139
28	2213	259
69	2216	255
90	2229	243
237	2246	250
384	2190	293
725	2099	303
1221	2055	309
1602	2016	305
1941	1990	297
2255	1967	295
2556	1947	289
2829	1932	292
3095	1918	272
3361	1906	234
3631	1893	201
3891	1879	182
4095	1870	182
32	2450	315
67	2453	314
75	2461	313
173	2478	302
283	2453	309
538	2389	344
1109	2343	372
1524	2306	368
1872	2278	360
2200	2256	351
2512	2230	343
2794	2211	333
3067	2197	295
3333	2183	260
3598	2168	232
3863	2155	205
4095	2139	224
36	2669	406
65	2671	413
73	2679	407
137	2694	394
214	2716	382
452	2654	400
954	2610	435
1425	2579	441
1785	2549	422
2136	2536	401
2464	2519	380
2756	2506	361
3029	2492	319
3297	2481	287
3569	2473	259
3835	2462	227
4095	2453	226
57	2894	425
67	2896	430
77	2902	433
119	2916	439
144	2934	443
366	2920	457
721	2865	511
1312	2838	448
1721	2812	442
2069	2792	423
2400	2778	416
2716	2770	390
2997	2762	343
3267	2749	314
3544	2744	313
3850	2716	264
4095	2686	239
75	3122	443
75	3123	447
81	3129	458
102	3140	484
142	3155	504
284	3176	490
475	3120	525
1176	3091	508
1629	3069	462
2015	3048	455
2344	3032	453
2664	3024	447
2961	3017	369
3250	3004	368
3537	2983	367
3840	2964	297
4095	2935	290
92	3337	462
93	3338	465
106	3344	471
119	3354	488
145	3371	519
232	3393	523
396	3375	539
977	3331	544
1541	3307	510
1887	3303	499
2268	3291	485
2597	3274	500
2910	3260	481
3220	3244	462
3517	3228	421
3820	3205	415
4095	3184	351
110	3563	482
110	3564	482
111	3570	484
129	3579	516
148	3592	536
212	3613	556
315	3640	569
547	3612	581
1220	3572	557
1744	3548	543
2172	3533	535
2543	3518	553
2866	3500	533
3182	3486	536
3489	3467	504
3645	3494	520
3946	3477	502
136	3787	520
137	3788	547
137	3793	546
139	3801	566
152	3814	591
193	3831	620
280	3856	636
344	3879	641
901	3837	626
1570	3803	621
2046	3787	588
2325	3796	561
2678	3779	585
3003	3767	610
3313	3756	587
3620	3740	585
3931	3723	574
167	4014	612
167	4015	612
168	4020	608
173	4028	617
182	4040	629
208	4057	630
244	4077	678
289	4095	692
529	4095	718
1123	4079	698
1791	4056	641
2239	4042	629
2625	4032	631
2956	4018	669
3275	4003	645
3595	3989	637
3910	3969	642
74	44	211
560	44	231
1040	17	262
1318	16	251
1583	15	230
1765	16	186
1941	17	138
2145	21	189
2360	28	202
2588	35	189
2818	50	108
3034	55	107
3253	64	109
3473	77	139
3706	84	136
3939	104	132
4095	130	122
41	530	283
429	361	273
895	310	263
1297	238	276
1542	232	234
1719	191	205
1971	162	174
2171	135	201
2384	129	201
2611	121	191
2841	124	160
3051	119	151
3268	119	159
3488	123	151
3719	129	148
3947	131	140
4095	161	126
31	942	286
299	843	281
564	603	276
1023	461	259
1357	449	257
1639	388	229
1960	307	226
2108	282	214
2457	237	207
2687	232	179
2906	209	196
3117	225	157
3321	231	169
3538	243	163
3763	244	158
3986	260	149
4095	192	135
21	1193	284
158	1139	291
340	1029	291
775	844	284
1171	730	263
1494	628	252
1776	564	239
2045	430	233
2326	396	222
2597	362	193
2860	315	212
3116	332	175
3354	348	179
3580	352	174
3808	362	165
4062	389	154
4095	428	140
20	1437	261
123	1442	307
276	1419	312
492	1194	301
1020	1086	300
1372	994	266
1668	904	250
1952	827	242
2235	767	240
2514	707	201
2771	620	235
3019	592	234
3264	608	215
3518	594	199
3781	579	186
4019	596	163
4095	644	145
21	1623	239
93	1628	307
191	1621	304
389	1528	305
757	1412	323
1249	1340	308
1580	1269	286
1868	1197	277
2155	1141	277
2452	1088	238
2708	1044	273
2957	1012	275
3206	968	253
3448	950	232
3720	890	210
3975	859	176
4095	899	150
21	1807	208
90	1810	304
159	1823	320
333	1800	331
555	1683	332
1073	1617	329
1465	1562	321
1777	1512	324
2077	1471	310
2391	1433	262
2663	1399	302
2912	1379	256
3170	1351	280
3422	1330	261
3689	1309	225
3947	1272	196
4095	1238	174
24	1997	253
83	2000	319
142	2010	332
259	2024	346
399	1939	361
915	1859	344
1352	1809	363
1678	1768	353
2000	1735	346
2319	1715	291
2610	1693	282
2871	1671	273
3129	1650	249
3386	1637	276
3655	1622	239
3917	1601	210
4095	1579	213
28	2214	329
68	2217	364
97	2229	341
232	2247	355
384	2191	390
725	2100	363
1222	2055	405
1604	2017	396
1942	1991	383
2256	1968	320
2557	1948	312
2830	1933	311
3096	1918	299
3361	1906	294
3631	1894	260
3891	1879	227
4095	1871	253
32	2451	378
64	2453	378
91	2462	351
170	2479	377
284	2454	411
540	2390	402
1109	2344	425
1524	2307	431
1873	2279	423
2201	2256	356
2512	2230	350
2794	2211	336
3067	2198	335
3334	2184	318
3599	2168	290
3864	2155	279
4095	2139	268
37	2670	411
63	2672	415
85	2680	419
134	2695	445
225	2717	425
453	2655	448
956	2611	454
1425	2579	456
1785	2550	448
2137	2537	414
2463	2519	388
2756	2506	409
3030	2492	371
3298	2481	344
3570	2473	312
3836	2463	298
4095	2453	284
57	2895	428
63	2897	431
88	2903	465
120	2916	489
144	2935	468
367	2921	489
723	2866	529
1312	2839	471
1721	2813	450
2070	2792	442
2400	2778	434
2716	2770	421
2997	2762	394
3268	2749	365
3545	2745	314
3849	2717	308
4095	2687	296
75	3122	444
75	3124	448
92	3130	485
108	3140	504
133	3155	512
298	3177	506
474	3120	536
1176	3091	508
1630	3070	474
2015	3049	469
2344	3032	463
2665	3025	454
2962	3018	418
3250	3005	369
3536	2984	368
3839	2965	340
4095	2936	309
93	3337	463
93	3339	465
107	3345	483
120	3354	490
148	3371	519
232	3394	523
403	3376	551
979	3332	545
1542	3307	533
1892	3302	521
2270	3291	487
2598	3274	481
2910	3260	475
3220	3245	473
3516	3229	432
3819	3206	415
4095	3185	369
110	3563	482
110	3565	482
111	3570	484
130	3580	518
149	3592	537
213	3614	556
315	3641	569
555	3611	582
1226	3572	570
1748	3548	544
2173	3533	536
2543	3518	552
2865	3500	530
3181	3487	528
3488	3468	506
3647	3494	518
3948	3477	499
136	3788	520
137	3789	530
137	3794	546
140	3802	567
153	3814	593
194	3832	620
280	3857	636
346	3880	641
901	3837	627
1569	3804	622
2045	3787	589
2326	3796	562
2679	3779	585
3004	3768	608
3313	3756	590
3621	3740	584
3932	3724	572
167	4014	612
167	4016	611
168	4020	608
174	4028	617
183	4041	629
209	4058	644
244	4077	679
289	4095	692
527	4095	718
1121	4080	699
1790	4056	642
2238	4043	629
2625	4033	631
2956	4018	670
3275	4004	645
3595	3990	637
3910	3970	642
99	88	533
571	86	540
1078	32	523
1349	26	501
1525	25	460
1723	25	369
1939	24	271
2151	25	371
2397	30	397
2597	35	369
2828	52	204
3041	55	201
3259	65	203
3479	78	261
3711	84	278
3942	108	298
4095	128	224
50	518	548
420	375	556
837	313	547
1311	236	529
1417	221	474
1666	195	385
1974	181	328
2185	163	382
2417	147	406
2621	142	356
2848	149	333
3058	143	326
3274	137	345
3494	131	330
3724	130	329
3951	133	308
4095	141	237
41	915	535
289	755	547
597	594	529
964	445	510
1309	445	498
1610	404	469
1928	333	414
2111	301	394
2403	265	420
2696	249	377
2914	246	352
3124	236	346
3327	237	351
3544	249	346
3769	249	333
3991	255	318
4095	155	250
31	1170	498
150	1093	510
357	1016	509
736	822	497
1150	717	490
1461	612	473
1743	580	449
2037	470	430
2321	450	409
2604	430	393
2865	385	368
3121	367	363
3361	375	357
3588	366	335
3814	368	327
4067	377	319
4095	389	297
26	1411	399
126	1417	489
284	1398	491
484	1170	480
994	1072	477
1355	983	450
1660	907	424
1957	830	413
2243	769	410
2522	696	390
2779	621	381
3026	609	366
3268	612	345
3523	656	320
3788	606	345
4025	590	321
4095	624	290
25	1619	338
96	1624	471
210	1613	489
418	1529	492
743	1410	495
1248	1343	477
1584	1273	442
1873	1203	434
2163	1145	425
2458	1090	412
2714	1046	400
2963	1013	392
3210	970	362
3452	949	334
3723	889	354
3982	855	317
4095	878	290
23	1811	257
94	1815	449
164	1828	477
327	1806	479
553	1686	494
1075	1622	464
1471	1567	453
1782	1517	460
2083	1475	439
2396	1435	425
2668	1401	412
2917	1380	408
3175	1352	370
3422	1331	339
3691	1310	330
3949	1274	335
4095	1240	250
24	2001	330
81	2003	461
136	2013	485
237	2028	512
402	1945	499
912	1863	487
1352	1812	478
1681	1772	464
2004	1739	453
2325	1718	442
2615	1696	426
2876	1673	407
3134	1652	381
3389	1638	344
3657	1622	290
3919	1602	262
4095	1581	286
29	2218	399
66	2222	472
105	2232	493
226	2251	506
392	2195	508
729	2102	503
1225	2058	502
1608	2020	486
1946	1994	468
2258	1969	451
2562	1950	438
2832	1934	426
3099	1920	423
3362	1907	413
3632	1895	366
3894	1881	335
4095	1872	325
33	2454	426
63	2456	499
97	2465	499
167	2482	486
326	2457	513
545	2394	530
1111	2347	512
1526	2310	494
1876	2283	486
2203	2259	474
2514	2232	457
2795	2213	441
3069	2199	437
3335	2185	431
3601	2170	374
3867	2157	340
4095	2142	333
37	2672	452
65	2675	525
90	2683	528
131	2697	497
237	2719	532
457	2657	547
962	2613	537
1429	2582	527
1788	2553	508
2140	2540	508
2465	2521	476
2757	2507	457
3031	2493	424
3299	2483	450
3571	2474	393
3838	2464	367
4095	2455	341
58	2897	431
68	2899	465
97	2905	546
124	2919	548
148	2937	541
370	2923	562
730	2868	548
1313	2841	551
1722	2814	531
2072	2795	526
2404	2781	507
2718	2773	466
2999	2764	444
3269	2750	416
3547	2746	405
3844	2721	379
4095	2693	339
75	3124	449
82	3126	453
104	3133	511
115	3142	519
146	3157	549
312	3178	546
476	3122	555
1180	3093	562
1634	3073	545
2015	3050	538
2345	3034	530
2668	3027	476
2963	3020	467
3250	3007	446
3534	2987	441
3835	2969	393
4095	2941	358
93	3339	466
100	3341	468
110	3347	495
125	3356	499
150	3373	522
235	3395	530
410	3377	563
984	3334	573
1544	3309	555
1910	3301	542
2278	3291	507
2603	3275	500
2911	3262	491
3218	3247	484
3513	3232	474
3814	3210	445
4095	3190	387
110	3565	482
111	3567	483
115	3572	504
130	3581	525
155	3594	539
235	3616	556
325	3642	594
584	3608	585
1247	3572	578
1758	3548	554
2177	3535	543
2543	3520	532
2863	3503	533
3176	3490	551
3482	3471	528
3655	3493	532
3955	3477	514
137	3789	533
137	3791	542
138	3795	557
141	3803	572
155	3816	597
223	3834	622
286	3859	636
351	3881	650
901	3839	629
1566	3806	637
2039	3790	598
2332	3797	581
2684	3779	575
3009	3768	598
3316	3756	580
3624	3741	578
3935	3725	568
167	4016	611
167	4017	610
169	4022	610
175	4030	619
184	4043	633
211	4059	658
246	4079	684
292	4095	692
518	4095	719
1113	4082	701
1785	4058	644
2235	4045	628
2622	4035	630
2954	4020	672
3273	4006	645
3593	3992	637
3908	3972	642
123	132	738
543	107	762
1030	59	737
1309	37	722
1485	36	702
1684	35	680
1892	35	650
2108	38	618
2340	41	591
2560	47	549
2789	56	396
3013	60	344
3222	69	390
3442	82	503
3677	94	502
3914	116	465
4095	127	428
58	506	773
412	417	795
834	333	753
1291	239	739
1385	211	720
1643	200	700
1919	189	662
2136	178	625
2366	166	612
2583	157	560
2801	153	537
3035	146	501
3240	149	531
3455	139	510
3690	133	509
3924	136	476
4095	138	446
50	894	758
280	750	779
605	607	770
941	449	755
1285	446	738
1601	399	710
1886	340	674
2055	318	641
2358	292	634
2662	268	576
2859	251	561
3088	247	514
3305	242	546
3511	260	530
3733	247	508
3959	246	487
4095	145	459
41	1156	739
155	1084	748
375	1013	752
717	815	736
1124	706	717
1438	599	695
1711	596	660
1974	509	627
2268	469	596
2562	432	592
2836	396	566
3087	378	534
3312	402	574
3556	381	495
3785	361	490
4048	357	484
4095	325	454
41	1371	714
121	1376	718
276	1364	728
494	1169	713
978	1054	696
1335	961	674
1628	880	673
1900	821	654
2179	774	580
2471	685	580
2728	637	565
2979	625	545
3255	616	567
3485	607	538
3764	579	504
4011	583	479
4095	572	436
35	1596	676
97	1600	676
235	1583	675
456	1506	678
755	1374	667
1223	1306	647
1542	1235	624
1832	1178	613
2112	1136	601
2411	1091	586
2684	1046	567
2949	1004	555
3199	972	536
3454	924	535
3711	891	498
3983	853	459
4095	861	430
31	1788	627
103	1791	626
175	1802	629
321	1781	698
570	1678	656
1047	1602	618
1441	1547	600
1749	1499	636
2050	1461	605
2361	1433	588
2652	1396	568
2908	1377	561
3173	1349	565
3425	1330	524
3695	1308	489
3952	1278	474
4095	1245	434
30	1981	603
80	1983	669
131	1992	683
264	2012	678
397	1920	636
915	1849	630
1341	1804	639
1673	1764	618
2001	1734	603
2323	1716	593
2614	1696	569
2879	1673	541
3141	1654	561
3395	1640	520
3660	1623	484
3924	1606	456
4095	1586	443
31	2208	623
68	2211	660
113	2222	672
220	2242	657
382	2191	627
714	2093	642
1210	2052	648
1595	2015	626
1933	1988	600
2259	1969	629
2568	1953	613
2837	1937	604
3104	1923	590
3365	1910	531
3633	1898	471
3899	1884	444
4095	1873	467
34	2457	600
65	2459	659
103	2469	647
174	2481	665
367	2458	647
575	2395	657
1102	2345	678
1518	2309	612
1878	2287	648
2205	2262	647
2518	2237	634
2800	2218	618
3071	2203	590
3338	2187	543
3605	2173	459
3872	2160	432
4095	2145	404
39	2678	582
67	2680	634
96	2688	637
137	2702	653
260	2724	640
459	2662	646
973	2618	679
1436	2587	621
1794	2559	631
2146	2546	671
2471	2525	642
2759	2510	625
3033	2495	599
3302	2485	556
3574	2476	474
3841	2466	436
4095	2457	398
57	2901	596
73	2903	612
101	2910	627
129	2923	606
154	2942	613
374	2928	635
743	2872	692
1314	2845	631
1723	2818	612
2076	2799	656
2411	2786	658
2721	2777	632
3002	2766	611
3272	2752	552
3550	2749	496
3836	2729	465
4095	2703	383
78	3128	565
85	3130	566
105	3137	592
121	3145	597
150	3162	586
322	3182	606
486	3126	611
1189	3096	701
1640	3078	616
2016	3053	608
2347	3037	598
2673	3031	628
2964	3023	610
3250	3011	523
3530	2993	513
3827	2977	494
4095	2950	408
95	3343	541
107	3345	549
109	3350	564
131	3360	579
153	3377	569
260	3398	582
425	3380	687
994	3339	670
1549	3314	640
1942	3301	614
2293	3290	592
2609	3276	606
2911	3264	581
3215	3252	561
3506	3238	516
3805	3217	511
4095	3198	425
111	3569	483
111	3570	504
118	3575	524
133	3584	562
157	3597	586
241	3620	604
335	3644	619
635	3602	674
1298	3570	653
1778	3550	620
2185	3538	596
2543	3524	563
2858	3508	590
3167	3496	575
3470	3478	550
3669	3493	546
3968	3477	528
137	3792	546
137	3794	557
138	3798	568
143	3806	592
176	3819	604
233	3837	627
292	3862	687
359	3882	679
899	3842	683
1558	3811	653
2027	3795	632
2342	3798	600
2693	3781	599
3017	3770	599
3322	3757	583
3630	3743	579
3940	3727	576
168	4019	609
168	4020	608
171	4024	613
177	4033	622
189	4045	634
216	4062	661
249	4081	687
297	4095	693
529	4095	719
1099	4085	706
1776	4062	649
2229	4049	626
2618	4039	631
2950	4024	675
3270	4010	644
3590	3996	640
3905	3976	655
169	177	952
516	162	986
737	148	970
1263	61	950
1442	60	937
1655	48	919
1873	46	897
2092	47	872
2317	51	852
2540	57	828
2760	62	807
2977	69	785
3200	77	758
3422	89	746
3661	104	742
3888	117	698
4095	128	632
101	517	971
402	443	1040
786	393	995
1258	249	978
1354	217	963
1626	209	948
1898	196	916
2118	190	885
2343	177	861
2563	176	835
2777	161	811
2993	149	789
3213	162	766
3436	145	755
3672	141	734
3905	137	697
4095	133	656
60	858	991
289	748	1016
585	638	1019
918	452	1005
1266	447	990
1598	397	968
1869	347	943
2042	332	918
2301	303	890
2639	295	856
2846	265	827
3049	269	803
3264	247	782
3483	273	764
3713	249	751
3946	226	698
4095	134	667
55	1135	977
160	1085	989
363	1034	1003
702	807	991
1107	701	978
1426	586	957
1701	563	934
1965	544	903
2259	487	881
2554	439	855
2830	407	832
3072	389	811
3291	404	792
3519	401	779
3758	356	730
4028	335	697
4095	287	667
49	1355	960
116	1360	966
269	1360	985
478	1157	973
954	1045	960
1325	954	942
1621	871	923
1898	807	894
2170	765	865
2458	695	843
2719	654	824
2971	627	810
3216	599	790
3441	568	757
3731	552	764
3981	537	697
4095	553	640
46	1568	935
99	1572	938
259	1561	950
465	1487	952
767	1362	935
1210	1297	926
1539	1221	908
1840	1158	885
2113	1121	859
2402	1084	834
2674	1052	819
2921	1022	809
3168	996	807
3440	925	787
3696	889	759
3946	850	667
4095	826	638
39	1774	902
90	1777	904
186	1788	911
329	1767	918
584	1662	916
1066	1583	905
1454	1527	889
1766	1475	870
2055	1444	847
2351	1425	828
2630	1403	816
2885	1381	809
3156	1342	760
3406	1313	720
3663	1281	751
3917	1244	691
4095	1214	619
36	1965	876
81	1968	877
126	1977	881
272	1994	887
387	1908	887
901	1840	874
1344	1793	868
1678	1753	856
1988	1721	838
2289	1705	822
2585	1688	802
2864	1667	804
3123	1646	742
3378	1628	695
3636	1607	746
3897	1587	720
4095	1563	600
33	2187	847
70	2190	847
107	2201	850
215	2221	855
368	2182	854
699	2083	859
1201	2042	847
1582	2009	842
1913	1979	827
2238	1958	807
2549	1944	787
2824	1930	783
3088	1914	757
3345	1894	707
3610	1878	703
3873	1862	697
4095	1846	609
36	2434	820
67	2436	820
96	2443	842
177	2458	844
367	2443	844
605	2380	854
1105	2334	843
1508	2295	830
1847	2261	811
2183	2239	821
2505	2222	812
2786	2206	795
3054	2189	772
3316	2171	750
3582	2161	728
3853	2155	715
4095	2140	690
41	2661	807
72	2663	808
92	2670	808
140	2683	809
274	2703	811
469	2642	831
959	2600	820
1416	2571	811
1787	2545	795
2127	2523	834
2452	2511	808
2752	2500	794
3023	2486	774
3287	2472	781
3552	2463	733
3825	2452	709
4084	2436	675
59	2892	761
76	2894	760
98	2901	756
137	2913	749
175	2929	765
399	2903	827
764	2861	836
1318	2828	854
1730	2804	773
2077	2787	791
2403	2774	809
2710	2766	798
2994	2753	778
3263	2742	689
3527	2732	672
3793	2727	653
4095	2718	634
84	3122	680
87	3124	796
97	3131	810
131	3142	814
166	3158	810
332	3178	823
524	3116	852
1196	3083	840
1648	3063	745
2027	3042	825
2358	3030	812
2671	3021	780
2964	3015	753
3246	3015	675
3523	3002	656
3815	2988	594
4095	2964	565
98	3341	616
102	3343	769
109	3349	777
132	3361	772
165	3379	782
284	3399	791
459	3365	811
1017	3329	768
1578	3305	725
1969	3295	747
2312	3288	769
2618	3278	712
2911	3267	672
3210	3259	638
3495	3246	687
3791	3228	577
4095	3210	549
111	3572	667
111	3573	685
116	3579	703
136	3588	727
169	3603	758
248	3625	790
382	3637	769
671	3594	763
1343	3567	728
1803	3552	703
2194	3543	701
2540	3530	681
2849	3515	647
3152	3504	631
3452	3489	656
3689	3492	581
3985	3475	564
138	3797	629
138	3798	669
140	3802	684
147	3811	699
178	3824	723
237	3842	737
306	3868	738
412	3886	777
891	3847	737
1538	3817	696
2006	3803	693
2357	3799	658
2706	3784	623
3029	3773	656
3331	3759	632
3638	3745	612
3949	3730	585
170	4023	612
171	4024	613
174	4029	617
180	4037	626
196	4050	651
223	4066	661
256	4086	689
303	4095	694
540	4095	721
1083	4091	711
1763	4067	657
2221	4055	646
2611	4044	654
2944	4029	680
3265	4015	662
3585	4001	643
3901	3982	668
214	233	1177
449	224	1221
573	207	1209
1207	94	1191
1397	84	1178
1623	68	1162
1845	64	1143
2073	61	1125
2296	64	1106
2523	65	1087
2745	69	1068
2966	76	1052
3192	84	1040
3416	96	1025
3653	109	1021
3880	126	986
4095	132	960
143	537	1202
380	468	1236
737	433	1238
1176	278	1223
1327	223	1227
1648	221	1196
1868	214	1166
2097	201	1142
2325	190	1119
2543	182	1097
2761	168	1076
2981	160	1058
3206	168	1045
3425	177	1030
3666	147	1025
3895	142	989
4095	137	962
70	840	1226
311	749	1251
552	658	1267
874	462	1256
1257	451	1241
1586	375	1225
1841	365	1205
2026	341	1184
2287	315	1137
2620	299	1129
2824	280	1101
3038	276	1080
3254	252	1063
3472	258	1046
3700	250	1042
3938	219	996
4095	143	970
69	1106	1221
175	1076	1235
351	1046	1259
675	803	1247
1081	693	1236
1417	591	1217
1689	579	1195
1956	546	1170
2249	490	1155
2539	454	1131
2822	408	1111
3058	393	1094
3280	407	1080
3507	383	1065
3744	352	1064
4004	326	1013
4095	255	976
60	1338	1207
121	1342	1214
247	1307	1242
476	1150	1232
940	1038	1223
1323	943	1205
1611	863	1190
1891	806	1168
2163	761	1141
2450	686	1119
2710	652	1101
2963	629	1088
3209	604	1075
3431	590	1072
3727	545	1024
3971	515	990
4095	534	978
57	1543	1189
103	1547	1193
241	1539	1210
456	1483	1214
758	1360	1205
1202	1284	1191
1532	1213	1177
1834	1152	1159
2114	1112	1138
2398	1078	1113
2665	1040	1097
2912	1019	1084
3163	1001	1078
3435	917	1039
3692	890	1019
3937	847	986
4095	814	964
49	1756	1165
90	1760	1167
179	1770	1178
321	1758	1191
601	1647	1187
1084	1575	1176
1446	1518	1162
1763	1471	1149
2063	1437	1133
2357	1412	1111
2623	1394	1092
2875	1376	1085
3152	1337	1053
3401	1302	1034
3659	1275	1013
3911	1238	985
4095	1204	965
45	1958	1136
82	1961	1138
122	1970	1145
269	1985	1157
377	1896	1160
933	1826	1156
1362	1775	1148
1694	1740	1138
2007	1711	1125
2306	1690	1107
2586	1679	1095
2852	1662	1067
3118	1643	1049
3371	1622	1031
3630	1601	1009
3885	1574	985
4095	1545	964
44	2179	1114
74	2182	1116
103	2192	1120
217	2212	1129
376	2175	1131
684	2082	1135
1206	2035	1128
1600	1997	1122
1937	1970	1112
2253	1950	1093
2546	1937	1074
2815	1924	1057
3084	1912	1040
3342	1890	1019
3600	1874	1002
3861	1853	980
4095	1838	935
46	2428	1108
70	2430	1109
93	2438	1113
201	2453	1119
374	2437	1125
636	2377	1128
1081	2331	1117
1502	2291	1106
1842	2262	1094
2176	2236	1078
2496	2216	1060
2778	2199	1045
3049	2184	1030
3310	2168	1013
3572	2156	997
3835	2143	978
4088	2132	975
48	2658	1084
72	2660	1084
89	2667	1087
184	2680	1091
285	2699	1097
555	2640	1112
949	2600	1102
1411	2569	1092
1782	2543	1080
2123	2524	1066
2442	2507	1051
2744	2494	1037
3017	2483	1023
3283	2470	1006
3544	2458	992
3808	2437	978
4068	2416	951
60	2887	1056
74	2889	1057
94	2896	1058
146	2908	1061
195	2925	1066
418	2904	1093
786	2860	1087
1311	2827	1076
1725	2805	1069
2070	2786	1055
2396	2772	1039
2698	2760	1026
2988	2749	1012
3257	2737	1001
3519	2725	991
3780	2719	938
4054	2703	885
86	3118	1026
89	3120	1027
100	3126	1028
141	3137	1031
182	3153	1034
323	3173	1040
562	3113	1071
1205	3083	1063
1632	3058	1049
2024	3043	1042
2352	3027	1026
2661	3016	1016
2949	3005	1007
3231	2999	958
3499	2989	886
3779	2976	860
4057	2969	804
96	3333	989
101	3335	989
106	3341	991
143	3353	993
176	3370	996
290	3393	1000
473	3358	1073
1040	3326	1048
1571	3303	1039
1939	3290	986
2301	3277	945
2614	3270	898
2905	3262	838
3190	3257	873
3472	3255	858
3770	3244	742
4069	3228	674
113	3559	850
113	3561	867
116	3566	883
146	3576	891
181	3592	929
256	3614	976
419	3638	921
684	3595	892
1332	3565	857
1800	3549	814
2189	3536	807
2533	3537	799
2836	3527	815
3130	3516	805
3425	3503	763
3716	3490	707
4010	3476	648
138	3797	712
138	3798	743
141	3803	753
151	3813	833
191	3828	842
241	3849	846
331	3875	890
429	3892	876
914	3854	839
1505	3827	793
1970	3814	754
2378	3800	716
2726	3788	771
3041	3774	755
3342	3762	759
3651	3749	722
3959	3734	677
174	4029	618
175	4030	619
178	4035	623
185	4043	633
205	4056	677
233	4071	690
270	4092	690
310	4095	695
578	4095	722
1066	4095	712
1745	4075	667
2207	4062	654
2602	4051	670
2936	4037	686
3259	4023	766
3578	4009	737
3896	3990	694
224	266	1406
383	290	1440
563	266	1447
1049	156	1434
1334	125	1420
1602	92	1406
1831	85	1388
2052	79	1374
2283	77	1358
2511	78	1342
2733	80	1326
2954	84	1311
3184	92	1300
3411	105	1285
3645	124	1281
3871	137	1250
4095	138	1231
188	547	1435
366	514	1464
543	464	1480
1038	316	1503
1296	275	1470
1615	244	1441
1852	180	1415
2071	214	1393
2307	199	1372
2531	191	1353
2749	176	1334
2969	170	1319
3197	172	1308
3420	180	1292
3660	149	1287
3886	146	1253
4095	144	1236
107	827	1464
315	738	1488
522	662	1514
837	475	1508
1236	468	1497
1575	389	1481
1831	382	1467
2010	349	1447
2324	322	1396
2608	304	1392
2806	281	1366
3025	288	1346
3245	256	1331
3463	254	1315
3693	248	1308
3930	212	1265
4095	151	1249
78	1109	1453
191	1092	1467
339	1056	1498
636	813	1494
1053	701	1487
1387	595	1468
1675	584	1453
1949	542	1434
2241	493	1419
2533	470	1398
2753	421	1381
3044	405	1364
3269	398	1351
3497	370	1339
3735	348	1331
3994	318	1289
4095	248	1263
72	1329	1449
133	1332	1458
218	1305	1488
453	1173	1487
906	1038	1480
1297	938	1467
1600	865	1450
1882	804	1427
2154	764	1406
2443	692	1385
2701	661	1371
2954	629	1356
3197	610	1345
3421	573	1338
3718	523	1310
3963	493	1282
4095	514	1268
68	1530	1438
116	1534	1444
214	1528	1463
442	1484	1472
740	1357	1465
1190	1283	1454
1521	1207	1440
1825	1148	1424
2106	1109	1403
2395	1077	1382
2657	1044	1366
2902	1018	1353
3154	997	1345
3429	916	1320
3682	886	1303
3932	847	1280
4095	810	1261
61	1736	1422
101	1740	1425
169	1752	1438
327	1741	1456
598	1645	1451
1078	1571	1439
1441	1515	1428
1758	1469	1418
2054	1434	1401
2359	1409	1385
2621	1391	1366
2863	1369	1351
3142	1329	1331
3395	1299	1316
3652	1267	1299
3906	1233	1277
4095	1200	1259
54	1940	1397
87	1943	1399
128	1953	1408
256	1973	1424
384	1880	1431
940	1821	1427
1352	1775	1416
1690	1736	1407
2001	1708	1395
2313	1687	1382
2599	1666	1361
2847	1652	1340
3108	1636	1326
3364	1615	1311
3624	1594	1296
3879	1567	1273
4095	1549	1259
53	2171	1375
78	2174	1377
108	2185	1384
245	2205	1395
383	2165	1401
710	2072	1406
1235	2023	1403
1619	1987	1399
1946	1960	1389
2268	1940	1375
2560	1926	1356
2815	1914	1336
3074	1907	1319
3334	1881	1304
3594	1867	1289
3855	1850	1270
4095	1835	1260
52	2422	1370
75	2425	1371
97	2433	1376
218	2447	1384
382	2430	1393
650	2371	1393
1077	2326	1385
1518	2281	1383
1868	2245	1373
2204	2221	1360
2513	2202	1345
2783	2189	1329
3040	2177	1311
3305	2166	1297
3567	2152	1285
3828	2138	1269
4085	2130	1260
53	2653	1350
75	2655	1351
92	2662	1354
191	2675	1361
303	2694	1370
565	2637	1379
948	2597	1372
1420	2565	1364
1775	2538	1354
2120	2518	1343
2441	2502	1331
2737	2489	1316
3008	2476	1303
3277	2466	1292
3539	2453	1281
3805	2435	1270
4061	2413	1228
66	2884	1330
77	2886	1331
95	2893	1334
156	2904	1338
225	2921	1345
421	2903	1369
773	2854	1359
1306	2824	1351
1716	2798	1343
2066	2781	1333
2390	2767	1321
2689	2755	1309
2978	2742	1296
3251	2733	1286
3515	2724	1279
3777	2715	1266
4049	2699	1195
88	3112	1304
93	3114	1305
98	3120	1307
155	3132	1311
213	3149	1317
320	3168	1326
585	3109	1348
1211	3079	1341
1630	3056	1333
2019	3036	1323
2347	3023	1310
2654	3013	1302
2945	3003	1291
3223	2995	1250
3493	2986	1198
3774	2973	1126
4055	2958	1030
99	3328	1277
103	3329	1277
106	3335	1279
153	3346	1282
201	3363	1288
295	3387	1295
476	3358	1335
1028	3321	1329
1563	3298	1320
1933	3288	1279
2295	3277	1249
2608	3268	1212
2899	3261	1165
3180	3253	1109
3466	3243	1031
3757	3231	907
4052	3219	851
115	3554	1185
115	3555	1185
116	3561	1185
150	3570	1183
201	3585	1201
263	3605	1225
456	3633	1222
696	3593	1217
1327	3565	1190
1788	3546	1156
2174	3534	1114
2523	3524	1058
2832	3518	984
3129	3510	978
3421	3502	904
3744	3486	833
4041	3476	790
139	3794	1094
139	3796	1093
143	3801	1090
153	3810	1084
205	3824	1075
256	3842	1061
334	3867	1041
445	3881	1077
936	3844	1036
1547	3820	972
2001	3809	1022
2403	3802	940
2747	3791	918
3060	3778	956
3358	3767	887
3666	3754	808
3971	3738	770
176	4035	689
177	4036	688
180	4040	686
189	4049	680
209	4060	703
242	4076	720
281	4095	708
316	4095	699
680	4095	724
1043	4095	909
1721	4084	867
2191	4072	823
2590	4061	890
2926	4046	905
3249	4033	871
3570	4018	831
3889	4000	750
215	341	1633
356	335	1660
532	282	1683
826	222	1673
1265	169	1659
1552	126	1643
1807	101	1631
2035	99	1614
2263	96	1599
2500	90	1584
2722	96	1570
2944	99	1555
3171	103	1541
3402	123	1535
3634	141	1528
3866	152	1503
4095	153	1490
190	568	1668
352	541	1693
514	492	1722
805	354	1736
1270	327	1706
1577	266	1681
1824	206	1658
2051	234	1635
2290	216	1616
2518	193	1597
2737	189	1582
2958	183	1565
3184	182	1549
3412	186	1543
3647	165	1534
3882	162	1508
4095	158	1494
116	796	1704
301	747	1726
487	702	1761
769	486	1754
1216	485	1744
1551	407	1731
1806	400	1716
1996	368	1699
2361	336	1644
2593	315	1642
2791	281	1619
3008	300	1597
3230	261	1580
3451	250	1569
3684	256	1557
3926	205	1526
4095	166	1507
88	1100	1685
198	1084	1698
326	1038	1737
614	835	1734
1025	705	1734
1361	606	1720
1666	595	1705
1942	550	1685
2231	505	1672
2525	468	1652
2742	431	1637
3026	417	1620
3254	387	1607
3484	358	1597
3758	347	1581
3991	309	1559
4095	255	1527
79	1316	1682
145	1320	1691
210	1313	1723
440	1196	1727
847	1056	1722
1271	954	1710
1583	879	1696
1868	812	1676
2149	770	1658
2432	706	1638
2693	668	1624
2946	641	1611
3178	619	1598
3411	556	1593
3710	501	1570
3960	447	1554
4095	416	1533
70	1524	1678
129	1527	1684
188	1543	1706
371	1483	1721
722	1359	1715
1184	1287	1706
1512	1207	1694
1816	1155	1678
2096	1116	1655
2386	1082	1635
2652	1049	1620
2897	1025	1607
3140	996	1596
3420	923	1585
3677	888	1565
3931	856	1548
4095	807	1534
69	1728	1667
103	1734	1671
174	1746	1686
316	1743	1708
583	1651	1704
1049	1576	1693
1436	1519	1683
1753	1472	1672
2049	1433	1655
2349	1408	1639
2617	1394	1622
2861	1377	1608
3135	1327	1591
3389	1301	1579
3647	1266	1562
3904	1234	1546
4095	1200	1531
65	1930	1649
92	1933	1652
136	1943	1662
264	1969	1681
393	1882	1691
913	1823	1681
1342	1780	1674
1686	1739	1663
1998	1708	1649
2305	1686	1637
2600	1665	1624
2849	1652	1603
3103	1636	1587
3358	1613	1570
3618	1592	1557
3878	1571	1545
4095	1535	1531
62	2164	1627
84	2167	1629
114	2177	1637
253	2196	1651
391	2151	1661
735	2067	1668
1246	2023	1663
1616	1988	1656
1940	1961	1645
2262	1939	1630
2563	1924	1619
2827	1911	1604
3074	1902	1582
3329	1885	1566
3589	1866	1553
3852	1852	1541
4095	1837	1530
58	2419	1617
81	2421	1618
99	2429	1624
235	2444	1634
370	2454	1646
665	2372	1647
1097	2320	1648
1545	2273	1647
1884	2238	1636
2212	2213	1624
2528	2195	1612
2797	2180	1599
3051	2170	1580
3298	2164	1560
3561	2154	1549
3825	2142	1539
4080	2133	1532
60	2650	1601
77	2652	1602
95	2659	1606
198	2672	1614
307	2691	1625
575	2638	1632
912	2599	1628
1403	2563	1621
1799	2532	1617
2150	2507	1610
2472	2492	1601
2761	2480	1590
3020	2471	1573
3271	2463	1554
3533	2454	1545
3800	2441	1537
4060	2418	1502
71	2880	1583
79	2882	1584
99	2888	1588
170	2900	1594
245	2917	1603
438	2902	1623
794	2858	1617
1301	2824	1608
1717	2799	1601
2061	2781	1592
2396	2765	1585
2698	2752	1575
2980	2742	1563
3244	2732	1548
3511	2724	1543
3774	2713	1527
4051	2699	1482
90	3108	1563
95	3110	1563
100	3118	1566
168	3129	1572
235	3146	1580
320	3166	1590
608	3110	1606
1195	3079	1599
1627	3055	1593
2017	3037	1584
2345	3021	1572
2651	3013	1564
2937	3003	1549
3217	2992	1517
3488	2983	1480
3770	2970	1429
4052	2955	1363
102	3327	1541
106	3328	1542
106	3334	1545
159	3345	1550
225	3362	1557
314	3384	1567
476	3355	1596
1026	3323	1592
1548	3302	1569
1927	3287	1550
2282	3275	1525
2602	3266	1496
2892	3258	1461
3172	3250	1419
3461	3240	1364
3752	3227	1287
4042	3214	1173
117	3548	1470
117	3549	1470
118	3554	1471
165	3564	1472
231	3578	1473
312	3578	1474
458	3627	1524
682	3591	1510
1281	3564	1487
1764	3545	1461
2162	3532	1428
2514	3523	1387
2818	3513	1340
3119	3508	1271
3414	3499	1177
3713	3487	1120
4005	3471	1048
147	3789	1399
147	3790	1398
149	3795	1397
171	3804	1394
231	3817	1389
311	3836	1382
334	3862	1372
472	3876	1407
914	3842	1376
1543	3817	1341
1988	3805	1291
2341	3803	1241
2709	3790	1213
3040	3781	1158
3345	3767	1115
3650	3752	1070
3958	3738	959
178	4031	1185
178	4032	1186
181	4036	1187
192	4044	1188
213	4056	1190
237	4072	1191
271	4094	1194
308	4095	1194
683	4095	1137
1059	4095	1107
1731	4083	1066
2200	4068	1125
2597	4055	1138
2944	4042	1123
3233	4042	1076
3560	4031	1019
3880	4013	869
206	416	1857
329	381	1881
501	347	1917
809	269	1907
1159	264	1894
1510	166	1882
1781	131	1868
2024	122	1852
2245	117	1837
2480	112	1818
2709	113	1803
2931	115	1789
3161	119	1779
3391	142	1769
3625	158	1765
3859	166	1744
4083	166	1729
187	590	1930
340	563	1955
481	517	1990
746	380	1968
1245	359	1942
1531	286	1919
1789	229	1896
2041	208	1875
2274	234	1856
2495	199	1835
2723	209	1816
2944	195	1800
3173	195	1789
3400	198	1777
3639	181	1772
3873	178	1749
4095	171	1733
144	764	1945
295	732	1966
446	768	2014
693	558	2007
1174	502	1995
1515	426	1983
1782	418	1967
1984	384	1905
2334	351	1919
2573	326	1887
2774	306	1862
2993	274	1841
3217	270	1823
3435	254	1804
3676	269	1799
3916	211	1768
4095	182	1752
96	1089	1926
204	1077	1941
313	1020	1990
591	946	1985
982	727	1985
1363	618	1971
1666	607	1954
1928	560	1935
2218	516	1922
2521	480	1902
2728	444	1884
3014	421	1870
3239	394	1855
3467	370	1839
3749	357	1829
3975	300	1804
4095	263	1775
87	1322	1914
146	1309	1923
202	1280	1957
427	1229	1965
795	1073	1964
1254	970	1953
1565	886	1940
1860	824	1925
2142	770	1906
2424	720	1887
2682	683	1869
2930	657	1855
3166	641	1843
3394	571	1828
3699	501	1820
3947	436	1801
4095	389	1786
85	1539	1911
133	1541	1918
182	1554	1940
360	1505	1960
706	1379	1960
1131	1303	1948
1499	1228	1936
1796	1167	1920
2082	1129	1898
2376	1090	1878
2642	1058	1863
2886	1035	1853
3131	1010	1843
3409	928	1828
3668	897	1816
3921	856	1801
4095	812	1787
83	1733	1907
104	1736	1911
165	1745	1928
305	1729	1955
569	1655	1953
1046	1579	1944
1433	1519	1932
1748	1474	1921
2043	1440	1903
2335	1413	1881
2602	1393	1861
2850	1380	1850
3128	1334	1841
3378	1296	1822
3638	1266	1809
3894	1234	1795
4095	1203	1785
74	1928	1894
97	1930	1898
144	1938	1910
288	1953	1932
432	1883	1940
897	1826	1933
1337	1781	1924
1683	1741	1913
1994	1713	1900
2302	1689	1887
2592	1664	1872
2842	1654	1854
3095	1639	1834
3348	1610	1815
3611	1594	1806
3868	1570	1793
4095	1538	1784
66	2156	1876
90	2158	1879
120	2168	1888
265	2185	1904
410	2141	1917
742	2063	1920
1232	2025	1914
1610	1992	1907
1936	1965	1897
2256	1942	1882
2556	1923	1868
2823	1907	1855
3074	1901	1833
3318	1887	1812
3582	1869	1802
3842	1856	1790
4095	1836	1779
65	2417	1861
87	2419	1863
102	2427	1869
241	2441	1881
380	2450	1898
655	2365	1900
1135	2313	1905
1539	2274	1899
1882	2241	1888
2205	2214	1874
2519	2192	1861
2796	2176	1851
3054	2163	1835
3300	2162	1814
3553	2157	1797
3818	2142	1787
4071	2130	1776
68	2650	1843
83	2652	1844
98	2659	1850
187	2671	1859
322	2690	1874
566	2640	1880
958	2598	1880
1441	2556	1879
1824	2526	1880
2164	2503	1867
2476	2486	1854
2767	2472	1844
3032	2460	1832
3282	2456	1813
3530	2453	1794
3794	2435	1786
4050	2424	1776
74	2882	1825
87	2883	1827
103	2890	1831
178	2901	1839
264	2918	1851
456	2902	1869
815	2855	1862
1275	2828	1857
1714	2798	1855
2093	2774	1852
2423	2753	1842
2720	2740	1835
3000	2730	1822
3258	2724	1808
3508	2720	1793
3771	2715	1776
4042	2696	1737
92	3111	1806
98	3113	1807
108	3119	1810
183	3131	1818
259	3148	1828
389	3167	1842
672	3111	1856
1192	3082	1849
1637	3058	1841
2012	3037	1832
2346	3023	1822
2661	3009	1816
2945	2997	1801
3221	2991	1777
3482	2984	1742
3767	2972	1706
4048	2954	1656
107	3328	1789
112	3330	1790
114	3335	1792
169	3346	1797
260	3364	1806
379	3387	1817
588	3359	1845
1000	3324	1840
1534	3303	1817
1920	3290	1803
2275	3278	1785
2595	3267	1759
2883	3257	1732
3165	3250	1699
3454	3241	1659
3748	3229	1608
4040	3214	1534
119	3552	1732
119	3553	1732
120	3558	1733
185	3568	1735
290	3566	1739
395	3563	1743
563	3556	1828
690	3597	1778
1245	3568	1761
1758	3547	1736
2154	3534	1712
2504	3522	1679
2811	3515	1643
3109	3505	1599
3402	3497	1540
3705	3481	1495
4000	3470	1447
148	3786	1675
155	3787	1675
160	3792	1674
186	3800	1673
257	3814	1672
381	3833	1669
413	3858	1663
499	3877	1700
861	3843	1677
1514	3821	1648
1971	3804	1614
2328	3799	1542
2699	3787	1509
3026	3774	1468
3335	3763	1428
3643	3751	1375
3943	3735	1316
177	4023	1538
178	4024	1539
181	4029	1541
188	4036	1544
204	4049	1549
229	4065	1555
264	4087	1561
308	4095	1567
679	4095	1518
1051	4095	1496
1720	4081	1463
2188	4065	1428
2595	4053	1387
2934	4042	1342
3254	4030	1282
3570	4017	1207
3879	4003	1121
198	491	2097
290	451	2111
524	411	2161
781	316	2151
1128	267	2135
1475	191	2121
1762	158	2107
1974	145	2091
2223	139	2075
2465	134	2058
2698	132	2045
2919	135	2028
3151	142	2018
3383	160	2008
3613	178	2004
3846	180	1982
4079	182	1969
184	598	2156
328	584	2180
471	542	2234
688	405	2213
1154	391	2187
1472	318	2163
1781	255	2140
2007	226	2117
2237	207	2096
2481	204	2076
2711	231	2059
2932	208	2040
3161	212	2029
3392	208	2017
3627	205	2011
3860	199	1988
4091	187	1975
159	803	2199
281	737	2221
404	772	2288
665	630	2276
1102	515	2222
1440	446	2201
1758	436	2179
1966	395	2159
2314	369	2173
2560	355	2141
2758	330	2110
2978	281	2084
3201	281	2066
3423	256	2048
3667	284	2026
3902	217	2011
4095	202	1996
123	1037	2180
212	1052	2196
300	1001	2251
617	955	2251
935	741	2257
1323	639	2240
1647	618	2218
1925	564	2201
2207	531	2180
2518	505	2162
2775	463	2140
2996	431	2122
3225	400	2106
3452	382	2087
3731	364	2073
3960	316	2050
4095	310	2032
102	1313	2162
148	1312	2172
194	1278	2211
447	1223	2227
772	1091	2231
1197	967	2218
1546	883	2201
1846	820	2182
2130	786	2161
2417	735	2143
2675	699	2123
2914	674	2105
3154	655	2088
3434	574	2088
3689	490	2071
3937	447	2053
4095	418	2043
96	1542	2147
130	1546	2154
176	1555	2182
349	1522	2209
668	1403	2208
1122	1315	2199
1477	1239	2184
1781	1177	2167
2071	1135	2152
2370	1099	2135
2636	1070	2117
2876	1049	2101
3123	1017	2088
3401	929	2083
3658	886	2070
3912	857	2052
4095	815	2041
90	1735	2148
112	1737	2153
157	1746	2173
310	1736	2206
599	1662	2205
1037	1584	2198
1417	1526	2188
1731	1484	2170
2023	1449	2150
2320	1425	2129
2594	1408	2111
2864	1364	2105
3121	1331	2091
3371	1299	2077
3627	1266	2063
3883	1231	2047
4095	1208	2038
83	1921	2141
104	1924	2145
137	1935	2160
304	1950	2187
470	1878	2198
882	1825	2193
1339	1783	2185
1677	1743	2172
1988	1713	2157
2293	1691	2139
2580	1672	2124
2834	1655	2103
3088	1637	2086
3343	1613	2071
3600	1593	2056
3857	1567	2045
4095	1550	2036
76	2149	2128
96	2151	2131
117	2161	2143
273	2177	2164
428	2137	2180
748	2062	2180
1235	2025	2174
1605	1993	2168
1932	1966	2155
2252	1942	2140
2554	1925	2127
2816	1908	2110
3069	1902	2090
3312	1889	2065
3572	1870	2052
3831	1857	2041
4087	1849	2032
72	2408	2116
94	2410	2118
108	2417	2127
249	2431	2143
391	2445	2165
644	2360	2164
1125	2315	2167
1532	2273	2157
1876	2241	2146
2203	2214	2132
2517	2196	2121
2790	2177	2107
3052	2159	2091
3299	2160	2070
3545	2155	2048
3806	2138	2037
4066	2127	2031
76	2650	2091
92	2651	2093
104	2658	2100
195	2671	2112
338	2689	2130
578	2634	2136
973	2591	2145
1460	2551	2147
1821	2524	2137
2161	2504	2126
2472	2486	2112
2763	2471	2099
3030	2459	2088
3288	2450	2074
3533	2441	2053
3782	2440	2034
4045	2430	2030
88	2884	2075
95	2886	2076
110	2892	2082
187	2902	2091
326	2919	2106
518	2902	2122
856	2856	2114
1320	2822	2119
1755	2789	2121
2118	2763	2115
2437	2749	2104
2726	2736	2094
3006	2723	2082
3272	2715	2073
3519	2712	2055
3767	2709	2026
4039	2698	1995
100	3115	2058
109	3117	2059
128	3124	2064
197	3135	2072
320	3151	2084
500	3169	2100
744	3112	2107
1206	3080	2100
1646	3056	2091
2035	3032	2090
2380	3012	2087
2689	2997	2082
2973	2988	2070
3242	2981	2045
3500	2975	2014
3765	2966	1973
4043	2952	1930
112	3329	2038
123	3331	2039
133	3337	2043
213	3348	2050
304	3365	2060
482	3387	2074
681	3358	2098
1018	3327	2093
1525	3306	2071
1918	3291	2058
2265	3277	2041
2595	3267	2025
2891	3255	2003
3172	3247	1975
3454	3239	1939
3740	3230	1896
4032	3211	1839
130	3551	1988
142	3550	1989
159	3547	1991
228	3547	1994
310	3546	1999
473	3551	2006
615	3543	2084
804	3598	2042
1283	3569	2027
1750	3550	2008
2140	3539	1987
2494	3524	1956
2801	3516	1926
3100	3508	1890
3390	3497	1851
3697	3484	1822
3988	3465	1779
155	3788	1938
161	3790	1938
171	3794	1938
204	3803	1939
299	3817	1939
452	3835	1938
470	3861	1940
565	3884	1979
832	3850	1959
1478	3827	1936
1902	3818	1880
2317	3801	1856
2690	3788	1832
3017	3776	1801
3320	3760	1763
3632	3750	1728
3937	3734	1682
179	4025	1850
180	4026	1851
184	4031	1853
191	4039	1857
211	4051	1862
239	4068	1869
278	4089	1876
319	4095	1885
571	4095	1846
1027	4095	1827
1693	4085	1801
2180	4068	1773
2586	4051	1738
2920	4037	1702
3242	4028	1664
3559	4015	1619
3875	4004	1564
190	565	2353
285	521	2371
496	476	2422
754	363	2414
1097	297	2402
1440	256	2389
1752	207	2376
1954	177	2358
2198	168	2339
2449	156	2320
2685	153	2306
2908	154	2290
3142	167	2278
3375	182	2267
3601	198	2258
3834	203	2236
4069	203	2226
191	606	2403
317	629	2423
429	583	2485
673	448	2469
1063	419	2449
1413	366	2428
1750	275	2407
2002	255	2385
2216	230	2364
2463	220	2341
2698	214	2323
2920	222	2305
3151	226	2291
3384	224	2278
3619	215	2257
3848	212	2244
4080	209	2233
162	812	2464
276	742	2483
389	796	2553
637	650	2547
1030	541	2488
1365	475	2468
1693	462	2448
1959	422	2429
2280	372	2441
2532	364	2410
2746	349	2383
2962	345	2357
3189	315	2334
3414	278	2316
3658	256	2289
3893	240	2273
4095	224	2257
152	1018	2445
219	1026	2459
286	1010	2511
600	976	2523
889	756	2527
1317	658	2509
1635	648	2489
1915	588	2472
2198	545	2453
2478	509	2433
2766	485	2416
2985	469	2400
3213	422	2380
3438	407	2359
3716	370	2348
3951	334	2323
4095	324	2300
105	1304	2429
155	1313	2440
206	1286	2477
467	1258	2499
748	1113	2503
1177	993	2489
1535	912	2472
1845	844	2454
2124	799	2433
2408	749	2414
2665	720	2393
2904	701	2377
3140	678	2358
3425	557	2364
3677	513	2348
3929	463	2333
4095	423	2313
101	1536	2414
133	1539	2422
164	1550	2448
362	1536	2479
629	1427	2480
1081	1332	2469
1466	1252	2455
1776	1187	2440
2063	1141	2421
2358	1107	2404
2628	1083	2388
2870	1063	2374
3153	983	2377
3396	937	2360
3650	896	2345
3902	869	2328
4095	830	2316
97	1745	2403
120	1747	2408
150	1755	2428
316	1747	2464
629	1678	2464
966	1606	2457
1376	1549	2444
1706	1498	2429
2009	1463	2412
2308	1434	2396
2586	1415	2382
2860	1376	2384
3114	1340	2369
3365	1303	2352
3621	1270	2338
3877	1238	2323
4095	1210	2312
92	1929	2403
110	1932	2407
135	1942	2422
240	1957	2450
498	1895	2460
848	1838	2457
1318	1792	2451
1662	1754	2439
1974	1721	2420
2279	1697	2410
2566	1682	2392
2824	1669	2377
3083	1645	2363
3337	1616	2346
3594	1593	2332
3851	1573	2320
4095	1558	2308
86	2152	2398
100	2154	2401
120	2163	2413
220	2177	2434
437	2144	2451
776	2068	2452
1209	2033	2451
1593	2000	2444
1923	1969	2429
2247	1946	2416
2544	1929	2402
2809	1922	2387
3059	1910	2362
3309	1891	2340
3565	1878	2326
3825	1861	2316
4081	1845	2303
82	2405	2393
99	2407	2395
113	2415	2404
212	2428	2421
407	2446	2445
664	2366	2441
1123	2320	2442
1516	2281	2432
1871	2245	2421
2200	2219	2409
2513	2199	2397
2788	2183	2386
3048	2166	2371
3294	2161	2345
3537	2158	2323
3801	2146	2310
4058	2135	2301
88	2648	2369
99	2650	2371
109	2655	2379
203	2667	2391
395	2685	2411
594	2634	2419
981	2591	2426
1454	2555	2424
1820	2530	2416
2155	2505	2401
2473	2489	2389
2760	2476	2380
3026	2462	2367
3287	2450	2355
3530	2447	2329
3781	2443	2309
4022	2444	2301
94	2884	2346
105	2886	2348
116	2892	2355
215	2903	2367
380	2918	2382
574	2904	2396
898	2856	2399
1341	2821	2404
1768	2788	2406
2114	2767	2394
2433	2751	2383
2723	2740	2373
3006	2730	2364
3269	2717	2350
3521	2711	2338
3775	2705	2306
4036	2699	2272
118	3116	2327
126	3118	2329
136	3124	2334
241	3135	2344
363	3150	2359
564	3167	2377
816	3113	2381
1191	3083	2375
1651	3054	2381
2064	3026	2381
2402	3010	2378
2701	2999	2371
2981	2990	2354
3249	2978	2333
3516	2965	2308
3779	2958	2269
4044	2950	2223
177	3330	2307
184	3332	2308
213	3338	2313
256	3350	2322
347	3366	2335
554	3388	2352
775	3358	2374
1001	3331	2363
1523	3312	2352
1917	3295	2341
2291	3273	2330
2624	3259	2322
2921	3250	2308
3200	3238	2282
3478	3227	2245
3753	3216	2199
4028	3206	2142
203	3527	2258
195	3527	2259
220	3528	2262
272	3529	2268
327	3535	2276
552	3541	2288
667	3536	2363
841	3602	2328
1225	3574	2314
1741	3552	2294
2128	3541	2275
2486	3529	2249
2797	3518	2221
3101	3504	2190
3394	3491	2160
3688	3474	2126
3979	3464	2093
229	3790	2210
205	3791	2210
218	3796	2211
256	3804	2214
307	3818	2218
493	3840	2225
528	3865	2229
592	3891	2275
802	3854	2254
1454	3829	2232
1901	3820	2188
2308	3804	2166
2681	3790	2140
3005	3775	2111
3312	3761	2081
3618	3745	2047
3925	3732	2009
196	4027	2144
199	4028	2145
207	4032	2148
213	4040	2153
241	4051	2161
253	4068	2172
302	4092	2186
329	4095	2201
463	4095	2159
1012	4095	2139
1691	4088	2118
2168	4071	2093
2567	4054	2061
2911	4041	2030
3229	4028	1995
3548	4017	1956
3857	4001	1911
201	585	2595
291	580	2614
416	517	2667
728	420	2660
1115	357	2650
1439	277	2639
1695	247	2628
1921	214	2611
2173	197	2594
2430	193	2575
2669	185	2559
2895	190	2545
3133	192	2532
3359	211	2522
3595	221	2506
3832	227	2497
4056	220	2482
197	619	2642
306	673	2658
415	623	2717
659	491	2709
1057	439	2693
1399	389	2674
1704	294	2654
1956	286	2636
2187	258	2617
2441	240	2594
2681	229	2575
2905	238	2559
3146	241	2545
3367	240	2532
3606	241	2515
3844	231	2503
4068	230	2489
192	802	2715
283	766	2732
377	814	2793
627	671	2801
960	556	2737
1325	501	2718
1661	406	2698
1998	391	2727
2269	409	2690
2511	382	2661
2725	370	2635
2946	364	2612
3177	331	2590
3403	299	2569
3641	298	2546
3883	291	2529
4095	247	2515
176	1047	2699
240	1012	2712
305	1006	2759
582	987	2777
860	764	2781
1251	687	2762
1617	662	2743
1904	606	2728
2188	561	2709
2475	522	2689
2751	509	2670
2971	492	2653
3201	465	2636
3426	416	2615
3705	371	2608
3939	350	2579
4095	343	2560
142	1293	2681
180	1298	2691
218	1285	2726
481	1244	2752
744	1111	2756
1156	1006	2743
1521	919	2726
1819	849	2708
2111	811	2687
2395	768	2666
2657	746	2645
2889	721	2627
3130	711	2611
3417	571	2625
3675	524	2612
3919	470	2592
4095	438	2576
124	1536	2668
138	1539	2675
163	1549	2701
368	1537	2734
618	1421	2734
1062	1324	2723
1442	1258	2710
1770	1199	2696
2056	1155	2676
2350	1127	2657
2618	1096	2641
2859	1066	2624
3147	999	2638
3389	950	2620
3641	910	2604
3893	881	2590
4095	849	2578
107	1746	2655
124	1748	2660
153	1755	2680
330	1751	2716
614	1681	2715
946	1613	2707
1343	1543	2695
1693	1504	2683
2004	1474	2668
2303	1447	2650
2578	1424	2632
2856	1376	2642
3112	1346	2630
3359	1313	2614
3615	1283	2599
3868	1250	2584
4095	1219	2574
106	1939	2645
113	1941	2649
138	1950	2664
267	1965	2692
526	1912	2703
841	1848	2697
1296	1803	2689
1631	1764	2677
1951	1736	2662
2262	1710	2657
2555	1691	2645
2819	1670	2634
3080	1650	2623
3330	1625	2605
3587	1601	2593
3842	1580	2580
4095	1564	2570
96	2156	2644
104	2159	2647
123	2167	2659
248	2182	2681
422	2151	2698
756	2080	2702
1162	2041	2700
1581	2005	2695
1914	1975	2683
2233	1956	2668
2530	1941	2652
2793	1928	2634
3045	1918	2612
3303	1894	2600
3558	1879	2586
3818	1871	2577
4071	1861	2565
92	2404	2648
102	2406	2650
122	2413	2660
235	2426	2677
424	2449	2704
642	2372	2696
1110	2323	2699
1518	2283	2692
1866	2252	2682
2199	2225	2670
2509	2202	2657
2781	2182	2643
3034	2175	2624
3284	2176	2602
3532	2163	2581
3794	2153	2571
4049	2143	2562
97	2645	2631
107	2647	2633
131	2654	2641
221	2665	2655
410	2682	2675
635	2635	2682
988	2593	2687
1444	2559	2683
1815	2532	2673
2154	2508	2661
2468	2494	2651
2756	2479	2640
3024	2468	2629
3282	2456	2615
3525	2452	2589
3775	2447	2571
4019	2450	2560
102	2886	2603
116	2888	2605
140	2894	2612
235	2905	2625
409	2920	2643
584	2905	2660
928	2854	2664
1360	2819	2670
1765	2791	2665
2117	2772	2657
2431	2756	2644
2723	2744	2634
3002	2733	2624
3266	2723	2613
3522	2713	2600
3778	2707	2575
4033	2697	2543
148	3119	2587
147	3120	2588
252	3126	2594
268	3137	2605
393	3153	2620
583	3170	2640
864	3117	2640
1226	3083	2645
1679	3051	2648
2080	3026	2648
2402	3013	2638
2695	3002	2627
2975	2993	2615
3245	2983	2601
3511	2967	2582
3788	2954	2559
4048	2942	2519
242	3335	2570
231	3337	2571
256	3342	2576
310	3354	2585
374	3370	2598
567	3392	2617
799	3362	2632
995	3335	2623
1521	3314	2615
1948	3291	2618
2323	3271	2616
2641	3257	2607
2924	3246	2588
3205	3237	2569
3484	3223	2545
3771	3208	2516
4039	3196	2487
243	3515	2596
249	3515	2597
271	3518	2536
310	3522	2543
348	3529	2552
556	3536	2613
702	3535	2618
803	3606	2600
1221	3579	2590
1718	3560	2574
2116	3544	2557
2501	3524	2545
2826	3509	2533
3133	3496	2513
3422	3477	2490
3717	3465	2466
3996	3452	2433
243	3794	2493
248	3795	2494
265	3801	2496
286	3810	2500
323	3823	2505
508	3842	2512
535	3868	2522
620	3893	2564
771	3861	2548
1440	3834	2529
1869	3823	2498
2301	3805	2479
2675	3790	2457
3000	3777	2438
3316	3759	2417
3623	3743	2390
3922	3729	2355
213	4026	2455
218	4028	2456
228	4032	2459
234	4041	2465
245	4054	2474
260	4070	2486
308	4091	2499
341	4095	2516
558	4095	2477
965	4095	2462
1637	4090	2443
2147	4069	2421
2565	4052	2396
2902	4042	2372
3219	4030	2339
3531	4015	2302
3846	4002	2260
220	605	2827
296	622	2843
396	574	2899
686	483	2902
1111	395	2896
1410	339	2879
1659	278	2865
1900	261	2850
2161	232	2832
2415	224	2814
2659	223	2800
2895	227	2788
3123	223	2775
3359	236	2765
3588	252	2750
3821	256	2737
4052	260	2729
225	632	2877
293	628	2893
380	624	2939
658	570	2946
1040	483	2932
1390	435	2914
1694	322	2896
1906	321	2876
2162	275	2855
2428	259	2833
2669	244	2816
2900	254	2802
3134	259	2786
3367	264	2776
3598	267	2759
3833	260	2744
4064	267	2736
230	750	2959
288	791	2975
365	810	3031
617	762	3050
901	572	2980
1322	532	2961
1670	434	2941
1983	415	2963
2256	424	2931
2500	399	2903
2715	394	2876
2932	387	2853
3163	347	2830
3404	344	2815
3633	331	2792
3874	318	2773
4095	278	2762
222	1018	2943
259	998	2955
316	997	3001
564	954	3028
832	824	3028
1208	716	3009
1594	683	2986
1900	574	2974
2182	574	2956
2456	539	2937
2736	537	2918
2964	521	2899
3190	467	2877
3452	424	2875
3693	395	2851
3932	375	2828
4095	374	2807
171	1286	2926
192	1298	2935
249	1278	2970
488	1258	3003
726	1138	3005
1110	1042	2990
1505	933	2971
1803	866	2952
2106	823	2930
2386	800	2910
2648	780	2889
2882	746	2867
3118	662	2847
3417	605	2877
3668	546	2859
3915	489	2844
4095	471	2824
144	1525	2911
144	1527	2918
169	1535	2945
374	1532	2982
623	1411	2984
1044	1340	2973
1423	1259	2957
1736	1208	2942
2047	1156	2918
2346	1138	2902
2611	1113	2882
2849	1099	2862
3144	1001	2886
3386	973	2870
3638	935	2855
3889	895	2840
4095	867	2828
117	1742	2899
128	1742	2904
156	1750	2924
345	1748	2961
579	1678	2965
931	1614	2954
1362	1566	2944
1687	1509	2927
1999	1483	2911
2295	1458	2893
2597	1413	2905
2852	1380	2891
3109	1358	2878
3358	1328	2865
3610	1294	2848
3864	1263	2835
4095	1242	2823
111	1940	2887
121	1941	2892
149	1950	2907
294	1963	2935
536	1912	2947
853	1859	2939
1287	1811	2929
1632	1773	2917
1946	1741	2920
2260	1715	2908
2554	1696	2897
2817	1677	2884
3078	1654	2871
3328	1633	2856
3583	1613	2842
3838	1589	2830
4091	1567	2821
108	2166	2877
113	2169	2881
144	2177	2895
276	2194	2917
408	2167	2951
737	2100	2940
1154	2057	2937
1551	2016	2930
1890	1987	2919
2211	1968	2905
2511	1952	2889
2782	1936	2873
3044	1920	2861
3301	1901	2850
3556	1889	2838
3814	1877	2825
4068	1872	2816
110	2413	2888
110	2415	2891
130	2420	2901
257	2432	2920
398	2451	2947
628	2382	2940
1084	2335	2940
1506	2293	2937
1856	2256	2927
2190	2229	2915
2497	2211	2899
2766	2197	2881
3023	2188	2864
3274	2182	2844
3529	2173	2831
3791	2156	2821
4046	2146	2812
111	2642	2875
115	2644	2877
147	2650	2886
239	2661	2901
407	2678	2924
613	2637	2929
975	2597	2936
1454	2558	2934
1818	2531	2923
2154	2511	2912
2466	2494	2900
2756	2482	2891
3021	2469	2878
3270	2463	2855
3518	2458	2836
3767	2457	2816
4021	2453	2809
119	2882	2854
121	2883	2856
151	2888	2863
254	2898	2877
415	2912	2896
593	2898	2913
957	2854	2917
1368	2819	2924
1768	2791	2916
2117	2772	2906
2434	2760	2897
2727	2746	2885
3000	2735	2873
3264	2724	2861
3522	2717	2851
3773	2707	2826
4036	2698	2804
167	3121	2837
167	3123	2838
278	3130	2844
291	3141	2855
400	3154	2871
588	3170	2892
889	3114	2896
1249	3080	2902
1709	3050	2907
2084	3027	2899
2404	3014	2888
2694	3004	2877
2974	2993	2866
3241	2982	2854
3509	2970	2844
3788	2950	2827
4052	2942	2799
258	3337	2819
279	3338	2820
300	3344	2825
319	3355	2834
387	3372	2848
580	3356	2866
793	3372	2881
972	3341	2877
1549	3312	2879
1960	3287	2881
2335	3269	2880
2635	3258	2866
2920	3249	2854
3195	3238	2838
3479	3225	2820
3766	3208	2798
4051	3193	2787
283	3512	2829
271	3513	2829
322	3516	2832
348	3522	2837
382	3532	2845
566	3542	2853
748	3549	2866
766	3613	2860
1194	3583	2852
1707	3563	2838
2144	3539	2836
2522	3520	2834
2848	3504	2825
3142	3491	2805
3432	3477	2787
3726	3460	2766
4018	3445	2746
257	3795	2759
264	3797	2760
303	3802	2763
317	3811	2768
350	3824	2775
523	3842	2784
526	3866	2795
597	3893	2830
750	3863	2821
1286	3851	2801
1847	3828	2786
2292	3807	2766
2678	3785	2756
3034	3767	2747
3349	3748	2733
3658	3733	2713
3952	3718	2685
230	4027	2737
237	4028	2738
247	4032	2742
256	4040	2749
270	4053	2760
290	4071	2774
336	4094	2791
353	4095	2809
598	4095	2771
936	4095	2756
1619	4092	2739
2135	4071	2719
2552	4058	2700
2893	4044	2677
3211	4032	2655
3539	4016	2636
3850	3998	2603
291	625	3061
333	665	3075
386	624	3129
546	583	3147
974	474	3134
1302	414	3119
1631	333	3103
1889	301	3087
2154	276	3072
2418	271	3055
2664	263	3040
2885	261	3026
3115	254	3014
3335	263	3004
3589	282	2986
3819	290	2976
4049	296	2967
279	659	3106
303	642	3121
378	625	3166
560	615	3180
977	530	3167
1359	497	3153
1656	369	3133
1895	350	3114
2151	293	3095
2421	277	3075
2670	270	3056
2900	267	3039
3124	277	3026
3347	288	3015
3599	294	2996
3832	294	2985
4059	297	2974
276	701	3201
293	729	3215
371	756	3265
574	789	3292
893	685	3217
1290	580	3263
1628	479	3233
1965	439	3201
2225	438	3172
2474	430	3142
2702	418	3115
2931	412	3089
3159	349	3071
3389	368	3049
3624	357	3030
3868	353	3015
4095	308	2999
239	1006	3185
268	959	3197
327	987	3239
556	963	3271
804	839	3266
1165	739	3247
1560	608	3225
1880	542	3219
2169	622	3201
2449	584	3179
2728	566	3161
2950	557	3139
3183	476	3119
3444	448	3120
3685	420	3095
3927	413	3071
4095	405	3049
173	1305	3169
205	1273	3179
255	1294	3212
481	1269	3249
708	1148	3245
1130	1056	3230
1485	949	3211
1813	895	3192
2094	869	3173
2380	838	3148
2637	806	3124
2871	786	3101
3172	695	3140
3410	612	3120
3664	553	3105
3910	535	3089
4095	503	3068
161	1546	3157
162	1538	3164
174	1534	3189
390	1533	3230
605	1438	3225
1026	1372	3212
1400	1283	3196
1743	1222	3180
2046	1196	3162
2337	1159	3141
2602	1142	3115
2886	1055	3145
3139	1026	3132
3382	993	3116
3633	959	3099
3884	921	3085
4095	884	3070
137	1746	3141
139	1748	3148
169	1745	3168
361	1760	3204
605	1678	3206
916	1626	3196
1357	1572	3183
1684	1522	3167
1996	1501	3151
2288	1479	3132
2596	1426	3151
2851	1397	3139
3106	1374	3123
3353	1346	3109
3607	1312	3094
3858	1278	3079
4095	1247	3068
127	1946	3127
131	1948	3132
163	1953	3150
315	1962	3179
519	1920	3191
851	1867	3182
1285	1818	3169
1631	1782	3157
1947	1752	3170
2260	1729	3156
2553	1704	3143
2816	1686	3129
3073	1668	3114
3324	1647	3100
3578	1625	3086
3835	1598	3076
4083	1593	3061
122	2172	3137
123	2173	3141
158	2180	3155
282	2191	3179
412	2175	3201
664	2107	3183
1143	2065	3176
1547	2029	3169
1886	2000	3159
2207	1979	3148
2507	1960	3131
2781	1942	3118
3041	1928	3106
3298	1912	3094
3551	1899	3080
3813	1890	3072
4060	1876	3055
123	2421	3123
120	2423	3127
142	2430	3138
259	2442	3159
392	2455	3186
613	2396	3177
1071	2352	3175
1498	2308	3169
1841	2274	3160
2172	2249	3148
2480	2232	3132
2751	2215	3114
3010	2204	3099
3271	2191	3087
3525	2175	3074
3787	2165	3065
4039	2152	3053
126	2648	3116
129	2650	3118
154	2656	3128
242	2668	3146
390	2684	3170
590	2647	3174
954	2606	3174
1449	2567	3170
1811	2541	3169
2152	2520	3161
2462	2501	3145
2744	2491	3129
3005	2482	3110
3257	2477	3091
3505	2472	3071
3766	2465	3061
4022	2449	3051
135	2881	3101
139	2883	3103
162	2888	3111
265	2899	3125
399	2915	3147
568	2905	3166
936	2858	3166
1375	2823	3168
1778	2793	3167
2119	2775	3155
2433	2760	3142
2722	2749	3131
2999	2738	3119
3264	2729	3109
3507	2722	3088
3769	2714	3073
4029	2698	3054
179	3121	3081
198	3122	3083
289	3128	3089
297	3139	3100
394	3154	3118
574	3172	3142
921	3114	3150
1268	3079	3154
1714	3050	3156
2088	3027	3147
2401	3018	3137
2690	3006	3126
2967	2995	3118
3240	2985	3111
3504	2970	3100
3783	2953	3089
4045	2940	3061
262	3338	3064
282	3340	3066
313	3346	3071
332	3334	3081
400	3348	3095
556	3302	3021
812	3377	3131
908	3340	3132
1535	3311	3136
1987	3286	3144
2329	3273	3139
2630	3260	3127
2915	3251	3117
3191	3240	3105
3474	3226	3091
3764	3210	3077
4047	3189	3064
289	3516	3061
313	3517	3062
337	3522	3066
356	3529	3072
393	3541	3083
543	3558	3097
704	3574	3116
762	3616	3119
1191	3586	3111
1708	3562	3112
2160	3537	3115
2533	3517	3114
2838	3505	3099
3134	3492	3084
3424	3479	3068
3724	3463	3052
4011	3445	3031
268	3797	3018
279	3798	3019
317	3803	3023
333	3811	3029
367	3824	3037
496	3842	3049
516	3866	3064
575	3894	3082
679	3887	3086
1242	3851	3075
1837	3826	3061
2326	3801	3056
2717	3778	3053
3060	3757	3047
3360	3744	3029
3664	3730	3009
3964	3717	2990
247	4030	3014
256	4031	3015
265	4036	3019
271	4044	3026
283	4056	3037
312	4071	3050
348	4093	3069
365	4095	3089
611	4095	3051
909	4095	3041
1575	4095	3023
2126	4074	3006
2534	4059	2987
2907	4041	2977
3248	4025	2970
3575	4004	2952
3891	3991	2932
300	655	3289
338	666	3302
375	713	3350
453	683	3379
832	561	3366
1233	483	3352
1603	412	3335
1871	377	3319
2134	341	3305
2411	313	3289
2648	302	3274
2870	298	3259
3102	292	3250
3341	301	3235
3580	320	3225
3814	329	3212
4045	324	3203
297	686	3329
349	695	3342
372	721	3390
506	650	3417
913	580	3401
1284	559	3383
1619	415	3363
1887	379	3344
2140	346	3326
2417	321	3308
2662	314	3290
2879	307	3273
3115	295	3261
3346	303	3246
3589	317	3234
3826	327	3221
4056	329	3211
295	734	3438
332	761	3451
369	789	3502
515	756	3538
858	724	3522
1247	634	3491
1587	545	3461
1953	497	3431
2193	509	3405
2442	475	3376
2697	458	3349
2912	437	3325
3151	351	3305
3381	392	3284
3613	323	3269
3859	331	3251
4095	338	3239
257	1032	3425
277	1015	3434
312	998	3476
488	988	3516
803	869	3499
1197	776	3477
1526	675	3456
1862	614	3431
2185	671	3438
2417	629	3418
2706	603	3394
2943	567	3375
3115	486	3307
3434	481	3355
3675	459	3329
3911	451	3307
4095	443	3287
195	1324	3411
215	1317	3420
287	1288	3450
460	1270	3492
695	1151	3478
1149	1057	3461
1484	993	3441
1803	932	3422
2083	905	3398
2368	867	3374
2624	841	3350
2858	811	3327
3169	680	3380
3407	643	3362
3656	604	3343
3902	563	3328
4095	547	3306
163	1576	3394
179	1573	3402
200	1537	3426
407	1535	3469
598	1437	3459
1053	1364	3443
1414	1289	3427
1738	1248	3409
2037	1212	3388
2318	1200	3365
2594	1177	3343
2884	1083	3386
3135	1048	3371
3380	995	3356
3631	980	3341
3878	937	3324
4095	910	3310
157	1758	3376
158	1761	3382
179	1772	3404
353	1772	3442
589	1690	3441
903	1626	3428
1372	1589	3416
1685	1549	3397
1981	1516	3378
2307	1469	3405
2595	1432	3391
2851	1414	3378
3103	1391	3361
3350	1360	3347
3604	1329	3333
3853	1301	3318
4095	1270	3306
143	1955	3363
145	1958	3368
168	1967	3385
335	1978	3418
502	1932	3427
843	1879	3417
1295	1832	3402
1627	1787	3418
1943	1759	3406
2251	1734	3394
2548	1716	3382
2814	1696	3366
3071	1678	3354
3322	1660	3337
3577	1643	3327
3831	1616	3313
4081	1604	3302
137	2178	3376
138	2182	3380
159	2195	3394
288	2201	3420
405	2186	3443
654	2111	3424
1157	2070	3415
1540	2037	3406
1874	2008	3396
2208	1988	3385
2508	1970	3372
2779	1952	3356
3040	1937	3344
3294	1923	3330
3551	1916	3321
3806	1900	3306
4059	1889	3296
130	2429	3362
130	2431	3365
154	2438	3376
246	2453	3398
387	2468	3428
574	2413	3415
1022	2366	3406
1468	2325	3395
1812	2291	3384
2159	2266	3374
2470	2246	3361
2747	2229	3349
3010	2213	3337
3268	2200	3324
3525	2186	3313
3782	2173	3301
4039	2164	3292
136	2659	3347
137	2661	3350
161	2667	3359
266	2678	3376
372	2695	3402
557	2663	3404
932	2622	3401
1423	2583	3394
1781	2557	3389
2112	2536	3380
2442	2519	3366
2731	2510	3354
2988	2499	3335
3244	2491	3317
3502	2483	3309
3754	2476	3291
4025	2453	3294
143	2891	3338
143	2893	3340
169	2898	3347
270	2909	3362
380	2923	3383
541	2914	3398
914	2870	3398
1348	2835	3396
1757	2806	3394
2101	2782	3387
2438	2769	3381
2719	2755	3366
2992	2749	3352
3243	2743	3331
3495	2736	3322
3758	2724	3309
4031	2704	3306
193	3123	3321
206	3125	3322
273	3130	3329
304	3139	3340
388	3155	3358
544	3173	3382
896	3122	3387
1247	3088	3389
1712	3054	3389
2091	3035	3388
2404	3021	3374
2689	3011	3369
2969	3003	3366
3233	2991	3361
3505	2975	3354
3771	2962	3337
4040	2949	3320
256	3330	3306
285	3332	3307
308	3338	3216
319	3348	3227
396	3264	3202
532	3384	3223
788	3373	3372
903	3341	3378
1558	3313	3385
1972	3290	3391
2311	3277	3387
2625	3264	3378
2911	3257	3372
3187	3244	3363
3472	3231	3356
3759	3211	3343
4043	3195	3333
286	3538	3295
289	3539	3296
327	3545	3301
342	3556	3312
403	3572	3324
520	3594	3344
679	3623	3369
777	3624	3370
1108	3593	3369
1709	3563	3374
2160	3537	3379
2521	3524	3376
2828	3509	3363
3132	3496	3353
3422	3483	3340
3718	3465	3324
4007	3446	3307
287	3797	3274
293	3798	3276
324	3803	3279
316	3811	3287
385	3826	3298
456	3843	3312
491	3867	3331
590	3831	3354
755	3889	3353
1263	3856	3342
1862	3823	3333
2343	3797	3337
2734	3777	3341
3057	3763	3326
3356	3747	3309
3657	3733	3292
3956	3717	3272
280	4029	3279
281	4031	3280
283	4035	3284
286	4043	3292
296	4055	3304
323	4072	3319
348	4093	3337
376	4095	3360
625	4095	3322
873	4095	3312
1511	4095	3299
2114	4077	3283
2554	4058	3280
2937	4036	3278
3276	4015	3272
3587	4001	3252
3893	3988	3232
382	682	3526
371	682	3539
390	737	3586
444	783	3620
720	732	3609
1090	597	3594
1555	456	3574
1865	416	3558
2139	379	3542
2411	355	3525
2634	341	3510
2862	335	3496
3095	329	3481
3338	341	3466
3583	351	3453
3812	361	3443
4039	369	3433
348	701	3565
371	773	3578
373	817	3624
490	830	3659
829	718	3644
1171	644	3624
1605	460	3602
1879	420	3583
2141	386	3565
2416	365	3543
2648	351	3527
2876	347	3510
3103	333	3493
3344	341	3478
3590	353	3464
3824	359	3452
4049	371	3441
313	769	3622
338	865	3693
355	896	3739
455	877	3774
830	807	3751
1174	691	3725
1612	601	3697
1913	548	3672
2181	507	3642
2447	506	3614
2693	431	3589
2924	462	3562
3139	362	3539
3366	355	3520
3610	355	3502
3858	361	3485
4086	379	3470
264	1083	3678
270	1038	3686
320	1001	3717
421	999	3761
764	897	3731
1180	813	3710
1564	741	3692
1848	677	3668
2127	672	3639
2385	646	3611
2642	630	3584
2893	577	3556
3202	531	3622
3433	510	3598
3672	495	3571
3905	476	3546
4095	476	3522
213	1333	3658
224	1329	3668
260	1295	3694
386	1275	3737
683	1171	3713
1123	1088	3698
1492	1017	3681
1787	955	3657
2070	947	3632
2353	915	3605
2609	876	3580
2913	787	3643
3165	700	3625
3409	657	3608
3653	635	3589
3897	592	3570
4095	572	3544
201	1563	3638
204	1567	3646
225	1565	3674
358	1536	3716
576	1445	3697
1013	1370	3687
1382	1320	3668
1729	1262	3645
2020	1245	3621
2311	1228	3595
2634	1128	3654
2882	1096	3635
3133	1062	3618
3375	1035	3600
3625	997	3582
3876	950	3568
4095	936	3548
192	1761	3621
189	1763	3627
190	1766	3650
331	1762	3688
513	1696	3687
891	1649	3673
1348	1600	3653
1671	1556	3632
1976	1537	3609
2300	1479	3655
2590	1449	3641
2846	1419	3624
3100	1406	3607
3347	1370	3591
3598	1346	3576
3850	1340	3561
4093	1305	3542
159	1955	3607
176	1957	3612
188	1965	3630
305	1981	3665
445	1947	3672
828	1879	3656
1275	1840	3681
1621	1798	3669
1936	1765	3657
2250	1744	3644
2542	1723	3628
2811	1701	3612
3069	1687	3597
3320	1673	3583
3575	1660	3569
3829	1639	3555
4075	1612	3538
152	2180	3625
166	2184	3630
167	2194	3646
283	2204	3673
398	2188	3696
658	2140	3681
1149	2080	3667
1538	2043	3656
1872	2016	3644
2201	1994	3631
2509	1977	3617
2781	1962	3604
3038	1947	3587
3294	1935	3576
3550	1925	3563
3805	1913	3549
4054	1897	3533
156	2433	3609
157	2435	3613
161	2443	3626
234	2453	3649
378	2465	3681
561	2421	3665
1048	2371	3655
1471	2332	3645
1813	2300	3633
2152	2273	3621
2473	2256	3608
2750	2240	3595
3009	2221	3578
3267	2210	3566
3523	2199	3555
3782	2186	3542
4036	2175	3529
153	2664	3593
154	2666	3596
165	2673	3606
249	2684	3626
366	2698	3654
503	2668	3654
916	2629	3641
1390	2598	3632
1746	2573	3621
2102	2548	3609
2430	2534	3597
2715	2523	3585
2981	2511	3573
3244	2501	3559
3501	2490	3548
3759	2481	3535
4027	2450	3539
163	2896	3578
164	2898	3581
176	2904	3589
265	2915	3604
367	2930	3628
490	2923	3641
884	2882	3635
1329	2848	3630
1721	2821	3626
2085	2799	3617
2407	2786	3609
2702	2775	3596
2973	2765	3579
3228	2759	3563
3482	2749	3556
3757	2732	3560
4033	2707	3562
206	3129	3565
202	3131	3567
258	3135	3574
283	3145	3587
368	3162	3607
498	3172	3630
855	3128	3629
1234	3097	3630
1689	3066	3628
2072	3047	3625
2389	3031	3624
2691	3020	3624
2959	3008	3618
3227	2998	3611
3485	2987	3599
3757	2975	3589
4027	2958	3575
249	3255	3352
269	3257	3354
302	3263	3361
305	3274	3373
383	3242	3392
522	3397	3417
721	3386	3628
921	3353	3634
1510	3322	3637
1945	3298	3643
2314	3282	3648
2620	3270	3641
2908	3259	3635
3187	3248	3631
3467	3233	3626
3760	3214	3620
4026	3203	3593
283	3573	3535
283	3574	3537
317	3579	3542
328	3589	3553
398	3603	3560
485	3622	3581
684	3645	3615
793	3634	3632
1077	3597	3634
1720	3566	3639
2150	3541	3647
2513	3527	3647
2828	3514	3639
3130	3501	3627
3417	3485	3613
3712	3468	3598
4002	3449	3584
299	3804	3539
305	3806	3541
331	3811	3545
334	3819	3554
376	3832	3567
447	3849	3585
515	3872	3597
629	3768	3424
831	3897	3634
1284	3858	3612
1894	3824	3614
2357	3798	3620
2738	3781	3619
3054	3767	3604
3350	3751	3588
3652	3737	3572
3951	3720	3554
335	4036	3547
337	4038	3548
343	4042	3553
340	4051	3562
348	4062	3573
350	4077	3588
362	4095	3608
386	4095	3633
644	4095	3663
837	4095	3591
1564	4095	3573
2113	4079	3565
2574	4056	3570
2956	4034	3574
3267	4020	3554
3580	4005	3536
3887	3992	3518
392	797	3762
404	817	3774
415	852	3816
457	837	3855
688	822	3844
979	703	3830
1501	496	3814
1814	467	3798
2118	415	3781
2411	398	3765
2637	380	3749
2853	363	3733
3092	354	3720
3340	371	3707
3580	385	3696
3810	404	3686
4038	411	3673
360	839	3798
394	847	3810
397	917	3851
438	912	3891
745	856	3877
1041	731	3859
1538	522	3841
1838	474	3822
2127	416	3802
2411	399	3784
2649	387	3765
2870	376	3748
3098	357	3734
3344	372	3719
3589	386	3706
3822	430	3694
4048	415	3682
295	1018	3857
322	999	3934
379	982	3960
419	936	3996
802	890	3976
1102	759	3957
1610	646	3936
1908	593	3906
2162	545	3877
2425	407	3852
2688	403	3825
2917	399	3801
3143	413	3779
3361	459	3763
3609	397	3743
3853	456	3727
4081	464	3712
271	1174	3916
281	1172	3927
329	1046	3958
400	1035	4000
725	924	3957
1163	837	3945
1530	769	3919
1835	712	3892
2107	673	3863
2368	633	3835
2623	659	3806
2860	581	3779
3198	566	3867
3429	546	3838
3657	527	3812
3892	518	3787
4095	512	3765
246	1354	3896
255	1360	3906
289	1360	3939
384	1286	3979
647	1219	3948
1097	1130	3931
1450	1050	3907
1760	978	3883
2057	968	3857
2318	956	3829
2589	914	3804
2910	763	3890
3158	720	3871
3407	699	3852
3648	656	3833
3893	639	3814
4095	612	3788
225	1582	3879
229	1588	3887
249	1585	3914
369	1560	3959
553	1490	3933
964	1432	3915
1417	1358	3894
1704	1307	3873
2010	1262	3848
2294	1249	3823
2630	1148	3898
2876	1099	3880
3130	1074	3862
3372	1055	3844
3621	1022	3826
3869	1000	3810
4095	957	3793
218	1773	3861
220	1777	3867
229	1787	3890
328	1803	3932
438	1763	3917
885	1678	3901
1297	1618	3882
1651	1579	3861
1997	1527	3916
2305	1494	3901
2588	1464	3886
2847	1435	3869
3096	1408	3853
3344	1392	3836
3593	1368	3818
3846	1349	3804
4092	1331	3789
206	1962	3846
207	1964	3852
209	1973	3871
299	1994	3906
388	1945	3958
813	1910	3941
1230	1850	3929
1603	1812	3916
1942	1780	3902
2249	1756	3887
2536	1732	3873
2811	1718	3860
3066	1697	3844
3318	1687	3828
3571	1675	3812
3823	1653	3796
4071	1637	3782
193	2188	3871
194	2192	3875
198	2206	3891
212	2228	3920
380	2208	3951
647	2150	3926
1141	2091	3914
1538	2057	3904
1874	2028	3890
2183	2004	3875
2512	1988	3862
2781	1969	3849
3039	1959	3835
3294	1947	3820
3547	1936	3805
3800	1921	3789
4052	1910	3778
181	2439	3854
183	2441	3858
188	2449	3871
197	2464	3895
373	2483	3930
548	2439	3912
1033	2390	3902
1458	2347	3890
1816	2312	3878
2151	2287	3866
2472	2269	3852
2749	2251	3838
3011	2237	3826
3269	2225	3811
3523	2210	3798
3781	2198	3785
4020	2206	3759
169	2670	3838
171	2671	3841
179	2677	3852
207	2689	3871
339	2707	3900
474	2678	3894
923	2644	3888
1394	2608	3879
1770	2579	3868
2098	2561	3856
2435	2544	3842
2717	2532	3829
2985	2523	3818
3245	2511	3805
3502	2500	3791
3762	2485	3784
4031	2460	3794
183	2901	3824
185	2902	3827
189	2909	3836
218	2920	3852
328	2937	3875
463	2931	3885
855	2888	3876
1309	2860	3867
1713	2838	3859
2054	2817	3845
2397	2803	3834
2690	2793	3825
2960	2783	3805
3219	2771	3806
3485	2756	3812
3757	2735	3816
4036	2708	3824
196	3132	3811
199	3133	3813
216	3138	3821
246	3150	3834
318	3164	3853
451	3176	3875
814	3135	3864
1217	3108	3861
1677	3082	3858
2034	3064	3857
2365	3050	3857
2662	3038	3857
2936	3028	3855
3195	3016	3850
3467	3004	3846
3741	2987	3842
4027	2961	3846
234	3180	3538
238	3182	3540
244	3189	3548
273	3201	3562
330	3220	3585
460	3242	3615
699	3394	3879
939	3363	3880
1499	3336	3887
1912	3313	3892
2281	3295	3895
2606	3280	3897
2898	3270	3901
3178	3257	3899
3453	3245	3892
3738	3228	3874
4008	3216	3852
273	3580	3758
277	3581	3760
286	3587	3766
301	3596	3778
342	3611	3795
449	3629	3818
689	3653	3849
828	3648	3786
1047	3609	3895
1666	3579	3903
2120	3555	3911
2503	3536	3919
2828	3524	3914
3125	3510	3902
3412	3490	3887
3710	3475	3879
3998	3454	3863
312	3806	3801
316	3807	3803
327	3812	3808
328	3820	3819
354	3835	3834
439	3854	3837
539	3764	3863
718	3891	3846
1010	3902	3916
1303	3863	3884
1906	3833	3892
2359	3809	3898
2736	3791	3898
3051	3775	3882
3345	3758	3868
3646	3743	3854
3944	3726	3839
360	4040	3810
360	4041	3811
361	4046	3816
363	4054	3825
366	4066	3838
379	4083	3856
389	4095	3878
526	4095	3906
663	4095	3937
801	4095	3861
1594	4095	3849
2133	4086	3855
2577	4062	3860
2952	4040	3858
3260	4027	3842
3574	4012	3827
3881	3996	3810