0	0	0
516	1	0
1032	3	0
1311	7	1
1545	9	1
1799	11	3
1990	17	5
2203	23	7
2430	31	10
2671	39	13
2910	51	15
3140	60	18
3359	75	21
3594	80	24
3830	94	26
4067	107	27
4095	144	49
21	502	16
390	347	21
994	313	22
1215	222	23
1503	146	24
1836	120	22
2022	143	22
2232	151	18
2457	160	16
2693	146	14
2928	126	16
3157	118	20
3379	113	26
3610	120	28
3845	140	28
4079	220	41
4095	343	67
22	695	33
265	659	43
609	622	44
1120	437	45
1460	430	47
1763	359	49
1934	359	46
2181	306	41
2541	289	35
2774	254	27
2994	202	28
3213	176	31
3430	168	32
3672	177	35
3900	186	40
4095	329	59
4095	546	87
23	1154	59
139	1105	64
418	1057	66
814	844	67
1220	714	71
1532	597	76
1846	576	71
2130	486	64
2447	418	54
2726	361	40
2932	277	40
3245	254	41
3480	244	43
3723	260	47
3958	276	52
4095	515	72
4095	753	108
21	1442	125
127	1371	104
285	1353	112
442	1211	120
1013	1090	113
1385	983	108
1703	883	104
1996	779	97
2307	693	91
2600	689	71
2871	616	67
3138	576	70
3390	520	75
3665	499	69
3947	546	74
4095	679	85
4095	964	131
20	1632	143
109	1636	144
236	1594	155
399	1567	157
696	1430	161
1235	1346	157
1590	1263	148
1896	1176	141
2208	1098	127
2515	1017	124
2788	955	106
3055	899	98
3315	796	108
3579	738	117
3862	815	122
4095	892	123
4095	1179	154
21	1818	161
101	1821	162
181	1834	174
346	1802	194
611	1718	198
999	1632	194
1448	1570	191
1785	1511	180
2108	1459	164
2437	1397	133
2725	1343	119
2993	1300	135
3262	1247	150
3526	1192	165
3804	1222	170
4071	1251	167
4095	1398	179
22	2009	179
47	2012	180
139	2022	194
232	2037	221
442	1983	229
794	1887	245
1314	1830	261
1660	1777	244
2003	1736	233
2348	1707	226
2653	1676	201
2930	1634	219
3207	1596	223
3471	1560	225
3747	1515	217
4021	1568	211
4095	1620	205
25	2233	239
45	2236	239
103	2246	250
172	2266	257
309	2250	290
714	2137	302
1120	2078	315
1546	2033	309
1915	2000	296
2255	1970	283
2579	1943	283
2864	1917	290
3146	1891	275
3421	1867	271
3703	1838	259
3973	1800	239
4095	1847	232
29	2471	306
43	2474	305
96	2483	297
136	2500	309
218	2517	332
532	2442	359
943	2378	369
1432	2332	362
1816	2299	356
2173	2270	341
2507	2234	352
2807	2205	347
3095	2180	327
3378	2152	317
3663	2127	301
3945	2098	266
4095	2100	254
36	2692	395
45	2695	393
89	2703	383
127	2718	362
175	2740	374
344	2729	396
688	2646	409
1288	2610	415
1696	2572	400
2074	2552	399
2436	2533	390
2749	2511	377
3039	2487	355
3323	2467	333
3608	2446	315
3892	2424	294
4095	2403	271
53	2919	461
71	2921	455
91	2927	464
119	2941	445
155	2960	440
279	2974	432
651	2912	448
1101	2871	459
1603	2846	444
1981	2814	434
2336	2794	425
2690	2785	408
2988	2768	379
3275	2747	350
3571	2734	346
3889	2690	335
4095	2646	352
98	3146	487
97	3147	485
99	3154	494
126	3166	469
172	3180	506
252	3202	474
454	3184	495
858	3132	489
1442	3100	480
1896	3080	470
2262	3058	460
2600	3041	408
2931	3032	391
3240	3011	375
3547	2982	394
3870	2952	375
4095	2909	373
150	3367	513
128	3368	516
137	3375	524
145	3387	513
188	3400	543
246	3420	484
395	3427	541
493	3380	552
1256	3348	543
1679	3334	533
2125	3315	511
2519	3299	494
2856	3279	493
3189	3258	456
3507	3235	420
3832	3204	416
4095	3172	377
154	3594	539
158	3595	541
175	3601	549
190	3612	556
215	3628	580
252	3647	626
335	3673	593
444	3677	594
733	3621	606
1499	3587	582
1993	3569	562
2408	3548	529
2779	3524	553
3124	3505	516
3456	3480	489
3621	3505	530
3946	3482	496
162	3821	606
164	3822	608
192	3827	614
206	3836	625
222	3851	634
257	3872	639
321	3898	645
417	3920	647
603	3902	641
1172	3855	632
1805	3825	614
2133	3830	574
2554	3813	612
2903	3794	590
3244	3780	571
3575	3759	564
3909	3734	583
199	4052	632
201	4053	632
209	4058	630
223	4066	644
244	4077	679
274	4095	691
307	4095	695
390	4095	724
473	4095	727
556	4095	704
1357	4095	686
1978	4081	668
2442	4067	654
2830	4050	640
3179	4031	651
3524	4012	651
3865	3987	652
169	67	235
508	27	254
1206	22	273
1336	19	258
1613	18	222
1804	18	213
1995	20	194
2206	23	193
2433	31	180
2673	39	172
2912	53	164
3142	61	172
3361	75	162
3596	80	143
3832	94	130
4068	107	146
4095	163	265
83	527	287
403	385	299
925	319	283
1249	227	263
1517	202	233
1766	158	227
2026	155	213
2235	160	201
2460	149	190
2696	141	179
2930	117	169
3159	115	158
3381	113	164
3612	118	166
3846	135	175
4081	229	198
4095	362	285
53	855	290
249	747	300
609	654	291
1061	441	269
1421	432	245
1729	378	241
1937	356	234
2184	298	216
2544	267	205
2777	242	189
2996	181	173
3215	175	168
3432	170	166
3673	175	170
3902	176	180
4095	338	210
4095	566	307
36	1159	275
132	1151	278
350	1062	269
775	847	283
1200	716	253
1535	598	248
1848	573	243
2133	487	231
2451	419	217
2729	361	201
2934	279	181
3247	243	175
3482	232	179
3725	233	180
3960	270	185
4095	525	221
4095	773	329
21	1444	220
122	1394	293
271	1357	297
441	1214	303
1013	1092	264
1386	985	264
1705	886	252
1998	781	239
2309	694	230
2601	676	216
2873	618	202
3140	571	201
3391	530	191
3666	492	201
3948	546	209
4095	690	234
4095	984	353
20	1634	212
107	1638	308
218	1596	308
397	1569	304
695	1431	291
1235	1347	269
1591	1264	263
1898	1177	269
2209	1099	253
2516	1018	244
2790	955	225
3056	899	216
3317	819	216
3580	750	222
3863	821	223
4095	903	235
4095	1199	378
21	1819	217
93	1822	297
169	1835	304
297	1803	305
596	1719	333
1002	1633	279
1449	1572	279
1787	1512	251
2109	1461	274
2439	1399	253
2727	1343	234
2994	1301	235
3264	1247	241
3527	1193	250
3805	1227	252
4072	1262	274
4095	1418	405
22	2010	222
59	2013	268
129	2023	306
223	2038	306
442	1984	350
793	1888	358
1314	1830	358
1661	1778	336
2004	1737	322
2349	1708	304
2654	1677	268
2932	1634	265
3209	1596	266
3472	1561	267
3748	1516	282
4022	1578	308
4095	1641	401
25	2234	239
51	2237	298
113	2247	347
176	2267	357
310	2251	377
670	2139	391
1121	2079	394
1547	2034	380
1916	2000	362
2255	1970	340
2580	1943	329
2865	1918	330
3147	1891	297
3422	1867	291
3703	1838	303
3974	1801	308
4095	1862	389
29	2472	327
46	2474	380
102	2484	352
135	2500	383
219	2517	407
515	2443	424
943	2379	424
1433	2333	386
1817	2300	378
2174	2271	368
2508	2235	365
2808	2206	364
3096	2180	330
3378	2153	328
3664	2127	325
3945	2098	326
4095	2107	365
36	2693	421
50	2695	419
91	2704	410
132	2719	392
171	2741	401
363	2730	412
689	2647	430
1289	2611	440
1697	2573	437
2075	2553	425
2436	2534	403
2750	2512	389
3039	2487	360
3323	2468	353
3609	2446	347
3892	2425	343
4095	2403	341
52	2920	483
68	2922	467
98	2928	467
128	2941	453
160	2961	475
297	2975	475
651	2912	460
1101	2872	474
1603	2847	453
1981	2814	437
2336	2795	433
2690	2785	437
2989	2769	380
3276	2747	375
3572	2734	371
3888	2691	355
4095	2647	370
98	3146	502
102	3148	499
107	3154	494
132	3166	494
169	3181	513
279	3203	500
455	3184	506
859	3132	498
1442	3100	489
1897	3080	477
2262	3058	463
2601	3041	456
2932	3032	424
3240	3012	407
3546	2983	414
3868	2953	389
4095	2911	383
151	3367	514
131	3369	516
147	3375	525
153	3387	534
184	3400	544
264	3420	548
389	3427	552
493	3381	562
1257	3348	549
1686	3333	534
2129	3315	513
2520	3299	495
2856	3279	493
3189	3259	456
3506	3235	433
3831	3205	422
4095	3174	391
156	3594	540
160	3596	542
175	3602	549
190	3613	556
212	3628	582
261	3648	596
324	3674	609
447	3676	593
741	3621	606
1503	3588	591
1994	3569	564
2408	3549	537
2778	3525	553
3122	3506	517
3455	3481	489
3623	3505	528
3948	3482	493
163	3821	606
165	3822	608
192	3827	614
207	3836	626
223	3851	635
268	3872	639
316	3898	646
398	3921	646
586	3902	642
1171	3855	632
1803	3825	615
2135	3830	575
2555	3814	613
2904	3794	591
3245	3780	571
3575	3759	569
3910	3734	582
200	4052	632
202	4054	632
210	4058	630
224	4066	646
245	4077	680
275	4095	691
308	4095	695
349	4095	724
432	4095	727
722	4095	703
1355	4095	686
1977	4082	668
2441	4067	654
2830	4051	640
3179	4032	651
3524	4013	651
3865	3987	652
178	108	549
500	52	558
1040	41	546
1362	32	516
1567	27	442
1771	26	422
2006	24	383
2245	25	378
2443	32	350
2682	40	331
2919	54	313
3149	62	326
3369	78	303
3602	81	262
3838	95	302
4073	108	343
4095	180	484
101	552	568
384	423	577
855	328	565
1182	228	541
1475	227	469
1734	174	431
1969	168	404
2279	160	403
2470	144	362
2705	130	344
2937	115	341
3165	111	339
3388	114	318
3620	120	333
3853	141	349
4086	239	355
4095	379	505
57	879	547
245	782	556
502	686	538
1002	478	512
1382	426	493
1696	381	439
1932	348	431
2211	294	391
2555	257	374
2786	233	358
3003	176	364
3221	171	335
3439	167	333
3678	178	305
3909	186	341
4095	346	362
4095	583	528
38	1195	490
140	1120	492
331	1045	488
735	825	499
1179	705	488
1505	588	469
1829	571	415
2093	479	399
2436	440	380
2738	383	382
2941	283	369
3254	232	319
3488	221	333
3730	232	337
3964	264	363
4095	523	370
4095	790	551
21	1429	465
121	1380	474
280	1350	482
438	1199	486
996	1083	474
1389	984	460
1710	866	400
2005	786	381
2317	698	370
2604	664	362
2879	620	378
3145	566	333
3396	532	341
3670	497	353
3953	546	371
4095	700	383
4095	1002	576
21	1636	424
105	1640	453
211	1594	461
381	1575	504
708	1434	484
1234	1351	441
1595	1268	423
1905	1182	396
2214	1101	378
2521	1020	364
2796	957	345
3063	901	333
3323	842	342
3585	846	358
3868	889	374
4095	914	397
4095	1217	603
21	1823	393
85	1827	433
166	1839	433
285	1808	451
581	1723	469
1011	1637	451
1454	1577	446
1792	1517	414
2115	1465	385
2443	1404	373
2730	1344	349
2999	1301	336
3269	1249	343
3533	1195	375
3810	1233	382
4077	1271	410
4095	1436	630
22	2014	373
70	2016	399
126	2026	464
214	2040	470
455	1989	471
790	1892	471
1315	1833	455
1662	1780	428
2009	1741	412
2354	1711	383
2658	1679	364
2936	1636	356
3214	1597	344
3477	1562	374
3753	1516	386
4026	1586	422
4095	1655	596
25	2238	374
56	2240	429
106	2251	444
179	2271	457
308	2255	463
626	2144	480
1124	2082	472
1552	2037	451
1921	2004	428
2258	1972	397
2585	1946	374
2869	1920	370
3150	1892	352
3424	1868	361
3706	1839	369
3977	1801	395
4095	1870	489
29	2475	403
48	2478	455
92	2487	469
136	2503	457
219	2520	482
497	2447	488
942	2381	478
1436	2337	468
1820	2304	484
2176	2274	465
2510	2237	451
2810	2208	444
3097	2182	410
3380	2154	398
3665	2128	384
3946	2099	385
4095	2111	438
36	2696	446
55	2698	481
96	2706	494
134	2722	474
167	2743	492
382	2733	495
693	2651	508
1293	2613	471
1698	2575	519
2078	2556	450
2434	2534	441
2751	2513	462
3040	2489	433
3324	2469	412
3610	2447	407
3894	2426	392
4095	2405	398
52	2923	504
65	2925	512
100	2931	518
136	2944	497
165	2963	511
315	2977	518
654	2915	527
1106	2875	474
1605	2848	465
1983	2817	457
2339	2797	442
2691	2787	465
2990	2770	441
3277	2748	434
3573	2735	420
3883	2696	403
4095	2654	389
96	3148	517
104	3150	513
111	3156	503
138	3169	520
171	3183	520
307	3205	544
457	3187	565
863	3134	507
1443	3102	496
1898	3082	485
2262	3060	474
2603	3043	483
2933	3034	456
3240	3014	439
3543	2986	433
3864	2958	422
4095	2916	393
153	3369	517
147	3371	519
153	3378	526
170	3389	541
187	3402	559
276	3422	574
374	3429	572
495	3382	571
1260	3351	554
1710	3332	543
2141	3314	518
2524	3300	500
2857	3281	494
3187	3261	457
3502	3239	446
3825	3209	429
4095	3179	404
161	3596	543
169	3598	545
177	3603	552
194	3615	556
209	3630	582
269	3650	610
332	3675	625
458	3676	612
766	3619	605
1517	3589	600
1998	3570	577
2409	3551	540
2775	3528	556
3117	3509	518
3448	3485	491
3631	3505	520
3955	3482	486
165	3823	609
180	3824	610
195	3829	616
201	3838	629
227	3853	635
273	3874	639
307	3901	646
377	3922	639
596	3904	643
1168	3858	632
1795	3828	619
2141	3830	579
2559	3814	617
2908	3795	591
3249	3781	572
3578	3759	584
3913	3735	577
203	4054	632
205	4055	631
212	4060	632
226	4068	650
246	4079	684
278	4095	691
301	4095	695
337	4095	724
426	4095	713
801	4095	702
1351	4095	686
1973	4084	671
2438	4069	656
2827	4053	642
3176	4034	653
3522	4015	651
3863	3989	652
173	197	786
475	149	805
997	70	786
1322	50	760
1531	44	724
1724	40	682
1943	37	638
2176	39	598
2430	40	547
2654	47	530
2874	58	512
3113	65	529
3350	79	489
3589	84	465
3822	97	492
4080	108	519
4095	194	703
113	531	818
366	446	843
787	336	829
1148	238	774
1439	232	748
1761	189	702
1908	188	649
2205	168	604
2458	141	593
2676	128	559
2893	117	538
3125	114	521
3365	117	513
3610	123	501
3837	147	524
4093	246	532
4095	394	726
78	865	801
242	818	818
474	657	807
975	516	788
1348	420	741
1681	368	711
1873	340	656
2129	296	615
2526	231	612
2758	224	563
2962	182	555
3188	175	502
3409	161	499
3648	181	512
3901	197	545
4095	352	585
4095	598	750
48	1174	762
148	1143	772
312	1041	774
719	813	751
1150	689	723
1479	560	691
1772	541	678
2054	470	644
2378	426	589
2701	364	564
2898	281	556
3222	241	494
3458	205	488
3697	239	495
3940	272	542
4095	532	558
4095	806	775
23	1394	711
124	1380	715
289	1335	726
453	1187	708
979	1056	685
1359	947	655
1668	845	613
1956	771	573
2258	702	566
2561	638	558
2834	554	554
3102	567	501
3395	525	490
3661	516	504
3959	583	533
4095	712	570
4095	1017	801
22	1609	636
107	1614	671
205	1576	706
373	1537	704
721	1388	710
1221	1312	680
1562	1228	583
1867	1155	549
2171	1097	540
2482	1029	533
2772	961	520
3060	893	514
3324	865	503
3609	879	547
3877	893	524
4095	926	560
4095	1233	829
23	1801	569
93	1804	652
162	1817	655
290	1785	675
567	1704	651
1030	1618	665
1430	1558	613
1766	1503	577
2093	1458	550
2415	1412	566
2723	1342	542
2999	1301	527
3277	1251	494
3542	1198	500
3818	1238	512
4086	1279	548
4095	1450	804
23	2002	524
73	2005	612
128	2015	623
218	2033	635
455	1964	625
795	1878	631
1300	1824	614
1662	1779	612
2012	1742	589
2359	1713	559
2663	1682	542
2943	1637	511
3222	1598	484
3486	1564	481
3761	1517	491
4034	1590	536
4095	1664	715
27	2237	508
64	2240	602
111	2251	593
175	2272	602
308	2244	606
536	2149	620
1131	2085	622
1558	2041	602
1929	2007	594
2261	1974	581
2592	1950	503
2876	1924	492
3156	1895	481
3429	1870	474
3712	1839	467
3983	1804	482
4095	1874	569
30	2480	478
57	2483	568
104	2492	585
136	2507	598
223	2524	605
462	2453	592
945	2386	610
1441	2344	610
1826	2310	590
2177	2276	563
2514	2241	537
2815	2213	523
3102	2186	491
3382	2159	467
3668	2131	444
3948	2100	471
4095	2113	483
36	2701	498
63	2704	562
99	2712	578
135	2727	633
171	2748	602
402	2738	577
698	2657	586
1299	2618	618
1703	2581	601
2084	2562	588
2440	2538	571
2753	2516	535
3042	2492	506
3327	2472	471
3612	2449	468
3897	2429	460
4095	2408	455
50	2926	548
69	2928	556
103	2935	569
138	2948	619
169	2968	599
387	2982	583
673	2920	594
1114	2880	608
1606	2851	576
1985	2821	591
2345	2802	572
2692	2790	526
2993	2773	503
3279	2751	492
3574	2737	468
3874	2705	451
4095	2666	427
94	3152	572
107	3154	577
129	3161	594
142	3172	624
174	3186	615
321	3209	589
538	3190	625
869	3138	598
1444	3107	604
1900	3086	594
2263	3062	581
2608	3047	542
2935	3037	517
3240	3019	501
3538	2992	474
3855	2966	456
4095	2927	414
156	3373	597
157	3375	608
159	3382	621
176	3393	602
191	3406	616
283	3426	631
341	3432	633
564	3385	600
1265	3355	643
1754	3331	624
2165	3316	598
2531	3301	581
2858	3284	528
3184	3266	510
3495	3245	498
3815	3217	477
4095	3189	433
170	3600	547
175	3601	617
180	3607	611
199	3619	618
213	3634	625
267	3654	657
341	3679	641
527	3673	630
817	3618	620
1536	3590	600
2005	3573	617
2408	3555	577
2769	3532	576
3107	3515	549
3435	3492	527
3646	3504	530
3969	3482	505
170	3826	612
184	3827	614
198	3832	620
207	3841	662
235	3857	636
277	3878	659
318	3903	666
387	3924	655
616	3907	643
1158	3862	633
1779	3833	625
2152	3831	584
2567	3815	623
2916	3797	593
3256	3782	575
3584	3761	586
3919	3737	568
207	4057	630
209	4058	630
217	4063	635
231	4070	658
250	4082	688
282	4095	691
293	4095	696
324	4095	724
415	4095	712
835	4095	699
1344	4095	687
1966	4087	675
2432	4073	660
2823	4057	644
3172	4038	656
3518	4019	651
3859	3993	652
179	235	1023
347	202	1055
822	137	1036
1268	68	1005
1482	60	976
1693	50	942
1927	48	905
2158	49	870
2398	53	838
2637	57	804
2866	67	768
3082	75	731
3313	81	675
3549	91	717
3804	97	751
4048	110	785
4095	206	924
124	516	1042
298	431	1105
696	383	1059
1094	247	1035
1404	237	1026
1724	204	973
1893	191	924
2185	174	884
2420	138	846
2655	130	810
2883	119	774
3103	117	735
3329	119	708
3562	127	705
3817	153	727
4063	252	753
4095	407	948
79	850	1060
236	766	1083
455	628	1083
920	519	1065
1327	414	1036
1676	386	996
1859	333	946
2116	300	911
2497	253	873
2722	229	830
2940	187	791
3164	179	747
3392	168	733
3618	188	720
3856	209	749
4095	357	808
4095	611	974
53	1144	1031
171	1104	1043
323	1065	1055
688	803	1038
1138	667	1017
1469	598	984
1765	529	941
2047	465	889
2380	446	855
2683	345	821
2880	277	788
3199	252	735
3432	217	711
3679	248	751
3925	284	766
4095	524	833
4095	819	1000
27	1376	990
129	1381	996
302	1338	1017
475	1174	1000
953	1042	979
1341	937	953
1663	834	924
1957	749	880
2251	687	833
2554	583	800
2820	488	772
3080	570	741
3348	527	710
3613	535	752
3925	587	786
4095	691	824
4095	1031	1028
26	1591	935
109	1595	939
208	1569	950
366	1521	957
726	1372	935
1214	1297	919
1564	1209	894
1880	1126	863
2172	1073	821
2474	1018	779
2753	941	752
3016	888	729
3274	855	709
3566	838	736
3842	890	763
4095	917	773
4095	1198	1012
26	1786	869
94	1789	871
167	1800	876
294	1766	885
552	1695	889
1048	1594	879
1453	1531	860
1787	1469	833
2094	1427	797
2406	1390	758
2693	1347	735
2962	1310	717
3254	1246	677
3522	1185	720
3794	1234	729
4061	1284	729
4095	1459	940
27	1979	824
79	1982	825
130	1993	828
236	2011	834
462	1949	833
805	1868	820
1309	1807	813
1672	1759	797
2002	1720	766
2327	1697	736
2639	1671	720
2925	1628	667
3199	1594	719
3466	1558	703
3750	1511	694
4019	1590	729
4095	1669	821
28	2209	775
72	2212	776
116	2223	779
178	2243	783
304	2224	782
529	2115	784
1121	2064	848
1545	2026	836
1904	1989	754
2253	1962	766
2585	1943	745
2873	1917	725
3153	1891	706
3419	1860	690
3703	1835	674
3974	1799	668
4095	1874	645
32	2458	758
69	2460	759
109	2466	814
158	2481	823
283	2499	829
451	2426	824
968	2369	780
1441	2325	799
1809	2284	796
2171	2254	770
2513	2228	745
2811	2203	726
3098	2177	699
3376	2147	677
3659	2122	653
3946	2098	657
4095	2113	595
36	2691	742
67	2693	742
102	2701	762
149	2714	792
192	2733	801
411	2710	797
719	2641	794
1318	2603	771
1719	2573	757
2090	2549	726
2437	2526	748
2755	2507	675
3044	2486	638
3328	2466	668
3613	2447	657
3899	2427	565
4095	2406	552
49	2924	741
72	2926	708
106	2933	752
141	2946	741
174	2964	725
394	2972	709
704	2905	726
1132	2871	742
1626	2836	735
2004	2815	725
2363	2799	702
2699	2786	647
2999	2769	625
3284	2747	606
3578	2734	562
3856	2719	543
4095	2683	510
96	3155	702
104	3157	730
132	3163	739
145	3175	729
188	3189	711
329	3212	702
570	3174	721
906	3127	688
1467	3103	713
1930	3082	739
2284	3059	688
2633	3048	668
2948	3035	637
3240	3025	587
3530	3002	551
3841	2978	535
4095	2942	473
160	3378	676
148	3380	696
157	3386	716
167	3396	717
202	3409	689
290	3430	687
378	3430	705
633	3375	723
1298	3348	731
1814	3329	705
2198	3318	677
2540	3303	661
2857	3288	608
3178	3273	562
3483	3254	550
3799	3229	526
4095	3203	498
163	3605	688
165	3607	689
182	3613	699
204	3625	718
223	3640	667
264	3659	704
353	3677	731
547	3664	726
911	3616	714
1562	3591	695
2012	3577	656
2406	3562	648
2758	3540	614
3091	3524	580
3415	3504	564
3669	3502	539
3987	3479	524
178	3830	685
182	3832	686
201	3837	690
213	3847	696
244	3862	695
284	3883	678
329	3907	710
398	3927	705
656	3913	670
1137	3869	635
1753	3841	675
2169	3833	645
2578	3816	651
2927	3799	624
3266	3784	603
3593	3763	598
3927	3740	583
214	4061	631
217	4062	634
224	4067	647
239	4074	670
257	4086	689
290	4095	692
305	4095	699
341	4095	725
401	4095	713
869	4095	701
1336	4095	700
1957	4093	676
2424	4079	656
2817	4063	651
3166	4043	660
3512	4025	651
3854	3999	653
184	273	1270
327	256	1317
568	212	1298
1153	116	1268
1417	90	1239
1660	73	1209
1893	69	1176
2139	67	1143
2381	66	1113
2621	68	1080
2849	79	1050
3075	81	1021
3304	91	994
3539	97	968
3781	107	1010
4023	117	1052
4095	216	1146
137	429	1290
260	449	1374
502	433	1321
1027	265	1299
1365	253	1294
1689	239	1245
1864	207	1201
2163	187	1161
2403	140	1125
2639	132	1089
2872	129	1058
3096	125	1028
3319	133	1000
3553	139	973
3794	164	1020
4034	262	1067
4095	417	1172
85	835	1310
231	744	1334
436	653	1343
900	533	1329
1314	416	1304
1671	405	1270
1835	345	1237
2100	308	1204
2480	276	1169
2705	246	1122
2926	205	1083
3158	190	1052
3385	176	1017
3610	190	991
3842	220	1039
4077	368	1087
4095	621	1199
60	1125	1303
182	1122	1318
348	1100	1338
641	801	1325
1111	653	1305
1457	617	1268
1752	534	1225
2037	473	1178
2375	417	1150
2673	361	1116
2869	281	1086
3189	254	1061
3424	229	1031
3674	258	1008
3917	295	1058
4095	507	1109
4095	830	1227
35	1355	1266
122	1348	1275
294	1295	1305
467	1170	1291
931	1032	1274
1341	921	1248
1650	825	1223
1950	742	1181
2246	677	1131
2544	568	1095
2812	487	1068
3077	564	1047
3345	530	1017
3609	528	999
3919	566	1039
4095	698	1078
4095	1041	1220
29	1568	1225
106	1574	1230
211	1541	1248
353	1516	1250
719	1371	1236
1201	1280	1214
1556	1194	1193
1875	1118	1166
2176	1056	1130
2472	1004	1084
2750	921	1052
3012	874	1030
3273	814	1014
3563	797	960
3838	836	1002
4095	875	1045
4095	1163	1139
29	1773	1166
96	1776	1169
171	1787	1179
282	1758	1196
517	1671	1198
1054	1584	1181
1447	1518	1160
1788	1461	1140
2108	1415	1117
2414	1368	1078
2691	1336	1039
2957	1302	1019
3247	1227	972
3513	1162	940
3786	1219	946
4051	1275	984
4095	1464	1058
30	1972	1103
81	1974	1105
137	1984	1111
251	2000	1122
446	1931	1133
820	1844	1134
1334	1785	1129
1694	1742	1114
2029	1705	1095
2350	1676	1062
2642	1656	1031
2920	1625	983
3199	1588	954
3466	1551	926
3741	1506	898
4009	1586	922
4095	1667	946
31	2200	1063
75	2203	1064
121	2214	1069
185	2234	1077
314	2211	1079
545	2111	1079
1134	2055	1073
1570	2009	1070
1935	1975	1056
2272	1948	1026
2585	1930	988
2866	1908	957
3150	1884	932
3421	1855	905
3698	1823	880
3970	1790	855
4095	1864	847
33	2448	1038
71	2450	1039
111	2459	1042
163	2474	1047
292	2492	1052
440	2422	1055
964	2364	1040
1439	2317	1022
1809	2280	1002
2168	2247	977
2510	2219	953
2808	2193	929
3095	2164	906
3372	2138	887
3650	2109	863
3929	2084	843
4095	2099	808
37	2680	986
70	2682	987
99	2689	989
154	2703	993
206	2723	999
405	2700	1018
740	2635	1002
1298	2598	986
1718	2565	967
2084	2539	948
2430	2518	924
2752	2499	906
3043	2479	887
3324	2457	865
3603	2433	845
3884	2407	832
4095	2375	748
51	2911	933
72	2913	933
103	2919	935
143	2931	937
195	2949	941
378	2957	975
717	2899	961
1150	2861	948
1627	2831	935
2003	2807	915
2357	2789	897
2685	2772	879
2992	2754	863
3280	2736	848
3560	2717	834
3837	2699	824
4095	2676	688
98	3145	882
101	3147	882
127	3153	883
147	3163	884
206	3178	886
337	3199	890
547	3165	926
943	3120	914
1489	3093	897
1919	3066	884
2284	3048	866
2622	3033	853
2933	3019	841
3227	3005	791
3518	2990	701
3830	2980	646
4095	2962	591
153	3367	830
141	3369	830
152	3375	831
166	3387	832
215	3403	833
297	3420	835
387	3419	874
645	3369	878
1331	3339	866
1788	3321	837
2192	3303	820
2546	3294	793
2862	3286	688
3180	3277	667
3465	3266	628
3776	3245	610
4095	3221	581
156	3595	829
161	3597	828
178	3603	826
194	3616	819
218	3632	809
272	3656	796
375	3676	822
535	3664	826
942	3616	808
1579	3593	790
2025	3579	773
2398	3570	732
2741	3551	672
3066	3537	638
3387	3521	603
3697	3500	573
4014	3480	573
185	3836	758
189	3837	758
198	3842	760
227	3853	759
254	3869	755
291	3890	748
336	3914	755
488	3932	788
686	3920	748
1097	3880	695
1712	3853	726
2194	3837	705
2593	3818	679
2943	3803	658
3278	3787	631
3606	3767	610
3939	3744	597
224	4067	647
227	4068	651
234	4072	663
247	4080	686
271	4093	691
300	4095	693
310	4095	702
349	4095	726
383	4095	774
852	4095	704
1322	4095	683
1943	4095	681
2413	4087	673
2808	4070	660
3157	4051	665
3505	4033	667
3848	4008	677
199	311	1512
306	308	1551
538	305	1555
1004	186	1530
1364	126	1503
1634	98	1473
1875	90	1444
2112	84	1414
2368	75	1384
2612	83	1356
2833	89	1328
3065	90	1302
3297	98	1277
3532	105	1251
3774	116	1257
4016	126	1303
4095	224	1370
151	402	1537
221	474	1628
468	440	1581
916	302	1563
1341	279	1561
1665	248	1513
1846	209	1473
2134	193	1435
2389	144	1399
2628	140	1367
2858	131	1337
3085	144	1311
3312	146	1284
3546	150	1257
3787	169	1266
4028	271	1319
4095	425	1397
103	822	1562
215	731	1586
399	695	1608
829	556	1596
1298	433	1579
1654	398	1552
1816	340	1522
2084	302	1489
2460	289	1453
2689	232	1407
2910	208	1369
3149	198	1339
3376	194	1307
3602	195	1279
3834	224	1287
4070	377	1341
4095	630	1425
65	1103	1541
174	1105	1556
321	1090	1589
581	809	1581
1065	666	1565
1437	616	1531
1737	546	1496
2034	475	1465
2374	434	1438
2666	372	1406
2857	285	1377
3178	268	1354
3417	263	1327
3668	268	1305
3904	302	1307
4095	489	1354
4095	838	1414
58	1338	1534
126	1330	1544
259	1253	1579
458	1198	1573
901	1026	1560
1310	912	1541
1636	830	1507
1941	738	1461
2239	677	1416
2537	573	1383
2804	483	1358
3072	565	1338
3341	536	1312
3604	525	1291
3909	555	1240
4095	705	1310
4095	1049	1381
46	1552	1502
104	1555	1508
202	1570	1529
335	1518	1538
692	1362	1526
1176	1277	1508
1544	1188	1487
1866	1111	1461
2170	1050	1423
2470	1000	1379
2742	919	1342
3006	862	1322
3266	810	1303
3561	782	1263
3833	809	1229
4095	830	1268
4095	1081	1314
34	1759	1460
99	1762	1464
164	1772	1478
269	1752	1499
561	1666	1491
1042	1578	1473
1441	1511	1456
1782	1455	1438
2099	1407	1412
2418	1360	1385
2690	1327	1342
2949	1295	1308
3242	1215	1273
3512	1154	1245
3782	1211	1216
4048	1268	1185
4095	1459	1247
33	1958	1398
84	1961	1400
134	1970	1409
234	1987	1425
429	1911	1443
835	1837	1443
1323	1782	1426
1692	1735	1411
2025	1699	1393
2362	1669	1373
2657	1633	1336
2919	1614	1285
3196	1581	1254
3464	1544	1228
3739	1499	1203
4007	1579	1173
4095	1659	1155
34	2190	1346
76	2193	1348
119	2204	1354
192	2224	1365
325	2198	1370
561	2097	1385
1168	2038	1390
1595	1995	1386
1949	1961	1371
2293	1934	1351
2603	1912	1319
2870	1893	1271
3148	1878	1232
3420	1847	1209
3696	1815	1186
3969	1782	1159
4095	1858	1129
34	2441	1323
72	2444	1325
112	2452	1329
160	2467	1336
275	2485	1344
460	2415	1343
972	2357	1332
1463	2302	1336
1841	2256	1328
2203	2226	1311
2533	2200	1281
2818	2179	1244
3094	2158	1208
3370	2132	1188
3653	2105	1167
3926	2076	1146
4095	2093	1119
39	2674	1277
68	2676	1278
103	2683	1282
150	2697	1289
219	2716	1299
398	2695	1312
745	2630	1296
1310	2592	1283
1717	2558	1265
2089	2533	1250
2436	2511	1230
2752	2493	1205
3041	2473	1186
3324	2452	1168
3604	2430	1150
3883	2402	1135
4095	2368	1082
52	2908	1230
74	2910	1231
108	2917	1234
145	2928	1239
216	2946	1246
363	2955	1275
703	2894	1261
1149	2858	1249
1627	2826	1235
2006	2803	1216
2357	2785	1198
2689	2766	1180
2992	2750	1163
3278	2730	1148
3560	2712	1136
3837	2695	1119
4095	2668	1046
103	3142	1182
108	3144	1182
121	3150	1184
150	3159	1188
211	3174	1193
329	3195	1200
524	3160	1228
933	3119	1218
1491	3088	1200
1923	3065	1189
2289	3047	1170
2624	3032	1158
2933	3015	1144
3232	3002	1100
3518	2985	1044
3815	2964	955
4095	2937	842
146	3363	1136
134	3365	1136
146	3371	1138
164	3383	1140
205	3398	1144
305	3415	1150
418	3415	1194
656	3366	1185
1337	3336	1170
1793	3318	1127
2195	3303	1096
2546	3289	1056
2859	3278	999
3162	3268	927
3464	3250	913
3777	3236	860
4095	3224	784
159	3589	1017
161	3591	1017
177	3596	1015
191	3607	1013
212	3624	1008
280	3647	1003
392	3670	1014
523	3656	1057
900	3613	1027
1567	3587	980
2011	3569	928
2403	3555	862
2759	3547	777
3082	3537	843
3396	3523	800
3734	3497	782
4047	3479	759
182	3829	898
185	3831	897
194	3836	893
217	3846	885
248	3861	873
297	3882	856
344	3911	833
390	3927	871
715	3908	826
1155	3867	756
1740	3849	817
2222	3840	771
2613	3820	771
2964	3807	736
3292	3789	684
3620	3770	741
3952	3749	711
236	4073	666
238	4074	669
245	4078	682
251	4087	689
283	4095	692
308	4095	695
315	4095	705
344	4095	728
372	4095	819
834	4095	715
1295	4095	706
1924	4095	695
2397	4095	683
2796	4080	677
3147	4061	671
3495	4043	683
3839	4018	701
205	328	1754
294	367	1786
507	313	1809
771	269	1787
1293	170	1759
1572	131	1732
1855	109	1705
2087	104	1676
2349	101	1646
2601	105	1618
2824	109	1595
3050	105	1568
3285	109	1543
3523	121	1524
3767	128	1505
4016	135	1550
4095	230	1595
162	435	1787
209	499	1868
435	448	1844
719	395	1851
1318	308	1814
1603	266	1773
1826	225	1736
2108	204	1699
2369	154	1664
2615	147	1632
2849	161	1605
3068	155	1578
3299	158	1552
3537	160	1531
3780	178	1511
4028	262	1567
4095	431	1624
117	758	1820
187	717	1843
362	672	1879
666	616	1865
1283	446	1848
1498	406	1827
1796	335	1799
2116	303	1766
2437	279	1726
2669	242	1681
2895	213	1642
3134	205	1609
3363	195	1584
3590	200	1556
3829	227	1535
4071	388	1547
4095	636	1635
91	1095	1780
165	1046	1796
294	1035	1839
557	838	1832
1062	680	1824
1393	633	1800
1724	559	1773
2039	497	1739
2366	442	1715
2655	364	1684
2846	299	1655
3162	281	1627
3407	273	1607
3657	277	1583
3925	308	1556
4095	496	1517
4095	845	1601
61	1325	1775
130	1331	1785
245	1279	1821
414	1226	1823
808	1038	1812
1267	934	1789
1619	838	1757
1926	746	1719
2231	677	1688
2528	593	1660
2796	491	1633
3062	571	1608
3329	551	1589
3590	525	1568
3910	574	1533
4095	705	1503
4095	1049	1572
51	1543	1766
108	1546	1773
197	1561	1797
351	1533	1814
711	1361	1802
1161	1281	1788
1524	1190	1766
1857	1116	1737
2157	1056	1691
2460	1000	1648
2737	932	1619
2999	861	1598
3257	806	1579
3557	772	1551
3835	818	1520
4095	864	1491
4095	1154	1528
41	1753	1736
101	1756	1740
156	1766	1756
251	1757	1779
587	1671	1771
1000	1582	1755
1431	1513	1739
1772	1455	1720
2094	1404	1694
2409	1356	1663
2687	1326	1621
2946	1299	1587
3237	1217	1559
3508	1152	1533
3780	1205	1505
4050	1258	1483
4095	1443	1460
39	1952	1686
87	1955	1689
131	1964	1700
215	1981	1720
437	1910	1737
819	1838	1724
1309	1786	1712
1686	1736	1694
2022	1696	1674
2353	1664	1654
2660	1629	1629
2922	1605	1584
3192	1578	1539
3461	1542	1514
3737	1493	1489
4007	1570	1469
4095	1647	1421
42	2185	1626
77	2188	1628
123	2198	1636
183	2218	1650
313	2213	1667
592	2087	1687
1172	2036	1682
1589	1994	1671
1943	1960	1655
2289	1929	1632
2610	1907	1615
2885	1886	1585
3148	1867	1529
3416	1844	1497
3695	1811	1474
3969	1780	1453
4095	1853	1411
41	2437	1590
74	2440	1592
115	2448	1597
156	2462	1606
269	2481	1618
484	2412	1621
992	2347	1634
1493	2289	1642
1862	2246	1630
2215	2213	1611
2553	2186	1594
2837	2162	1567
3108	2142	1521
3368	2127	1477
3651	2102	1459
3926	2072	1441
4095	2077	1411
43	2671	1551
71	2673	1552
107	2680	1557
153	2693	1566
226	2712	1578
376	2693	1586
736	2633	1579
1315	2587	1571
1748	2549	1576
2126	2516	1569
2474	2496	1556
2780	2476	1531
3058	2460	1497
3323	2446	1461
3602	2424	1441
3882	2403	1425
4095	2365	1383
58	2904	1510
75	2905	1511
112	2912	1514
150	2923	1520
216	2941	1530
349	2949	1553
665	2895	1546
1132	2856	1533
1612	2825	1518
2006	2800	1503
2369	2777	1495
2693	2759	1481
2997	2742	1460
3277	2727	1438
3562	2710	1425
3837	2688	1402
4095	2663	1351
116	3138	1467
115	3139	1467
115	3146	1470
152	3155	1476
207	3169	1483
321	3190	1493
516	3159	1512
945	3117	1503
1496	3085	1491
1919	3060	1476
2289	3041	1458
2622	3025	1445
2934	3013	1429
3229	2995	1392
3517	2979	1350
3815	2958	1288
4095	2935	1199
142	3357	1427
138	3359	1427
145	3365	1429
160	3377	1433
199	3394	1439
306	3412	1448
428	3412	1484
646	3361	1471
1317	3336	1445
1793	3316	1424
2194	3299	1397
2547	3286	1364
2857	3272	1325
3160	3261	1271
3468	3247	1199
3775	3228	1111
4083	3206	987
160	3583	1333
161	3585	1332
168	3591	1332
188	3602	1331
203	3618	1331
289	3626	1330
378	3665	1341
480	3652	1372
937	3608	1351
1573	3582	1322
2011	3565	1279
2405	3551	1225
2753	3539	1163
3078	3529	1142
3389	3514	1089
3708	3493	991
4023	3473	944
183	3826	1238
185	3827	1238
191	3832	1235
213	3841	1230
242	3856	1222
296	3878	1212
333	3906	1199
377	3922	1239
684	3905	1202
1171	3867	1154
1768	3846	1100
2170	3839	1072
2596	3819	1055
2955	3805	1015
3287	3787	962
3623	3773	871
3953	3756	825
230	4070	982
232	4071	983
239	4076	983
255	4084	984
278	4095	985
303	4095	987
313	4095	987
341	4095	1045
370	4095	1082
758	4095	1018
1342	4095	992
1957	4095	965
2439	4094	933
2826	4079	883
3135	4072	840
3482	4055	799
3828	4032	754
211	375	2000
282	426	2028
413	386	2068
633	346	2046
1212	216	2019
1515	179	1995
1797	150	1965
2063	132	1936
2329	129	1906
2585	126	1878
2808	129	1852
3037	125	1827
3272	128	1803
3509	134	1779
3761	146	1767
4006	151	1769
4095	234	1822
173	469	2085
197	531	2108
340	485	2140
613	438	2111
1216	338	2074
1542	274	2036
1808	238	1997
2079	207	1961
2342	175	1926
2601	153	1894
2832	176	1864
3056	173	1839
3285	174	1812
3522	178	1788
3774	193	1774
4017	275	1781
4095	435	1842
132	703	2088
174	676	2109
331	648	2160
592	648	2145
1181	459	2123
1470	414	2101
1758	342	2073
2148	305	2042
2408	285	1957
2650	252	1951
2880	223	1909
3120	220	1876
3342	213	1843
3575	223	1818
3819	241	1798
4056	399	1753
4095	623	1842
101	1095	2049
153	1039	2065
283	1012	2118
534	858	2108
1006	695	2103
1397	656	2078
1707	546	2047
2034	518	2015
2350	471	1988
2645	356	1959
2832	313	1927
3149	304	1901
3394	296	1871
3644	306	1852
3915	335	1825
4095	504	1789
4095	839	1819
87	1326	2011
145	1332	2021
231	1306	2060
400	1254	2068
760	1066	2061
1256	944	2042
1596	842	2018
1912	756	1991
2217	675	1959
2518	580	1931
2784	499	1903
3050	588	1877
3323	565	1852
3572	535	1831
3897	592	1807
4095	701	1780
4095	1029	1787
66	1544	2009
129	1548	2016
191	1561	2042
335	1542	2065
686	1391	2062
1126	1289	2043
1499	1208	2020
1824	1125	1986
2141	1068	1945
2447	1007	1910
2725	947	1885
2988	872	1864
3247	834	1843
3550	763	1820
3830	848	1796
4094	883	1767
4095	1183	1748
58	1747	1998
99	1750	2004
152	1758	2022
245	1757	2053
613	1681	2053
981	1582	2037
1420	1510	2020
1758	1447	1999
2081	1406	1967
2397	1364	1923
2675	1330	1879
2937	1302	1850
3231	1212	1830
3497	1145	1801
3776	1199	1779
4041	1253	1753
4095	1434	1712
53	1946	1964
90	1948	1968
127	1957	1981
195	1973	2005
445	1915	2018
813	1836	2005
1291	1784	1990
1678	1734	1974
2015	1697	1954
2347	1664	1931
2652	1626	1903
2915	1606	1857
3186	1585	1811
3452	1537	1782
3735	1495	1766
4002	1563	1743
4095	1631	1688
50	2178	1911
83	2181	1914
122	2190	1923
178	2205	1940
302	2203	1961
649	2083	1973
1152	2037	1963
1578	1995	1951
1936	1961	1934
2283	1930	1912
2603	1902	1891
2882	1878	1868
3149	1862	1815
3408	1842	1767
3692	1813	1749
3963	1776	1729
4095	1830	1692
48	2436	1857
76	2438	1859
117	2446	1866
158	2460	1878
262	2478	1896
555	2403	1915
1025	2336	1931
1487	2287	1924
1859	2246	1908
2208	2211	1887
2544	2181	1868
2837	2155	1852
3113	2131	1818
3373	2120	1770
3646	2103	1731
3923	2072	1714
4095	2060	1688
49	2669	1813
74	2671	1815
109	2678	1821
156	2691	1831
233	2711	1846
390	2695	1852
757	2628	1858
1360	2576	1870
1773	2539	1883
2142	2509	1865
2480	2485	1846
2790	2464	1829
3073	2445	1805
3338	2433	1763
3604	2423	1719
3883	2400	1700
4095	2371	1684
63	2904	1775
77	2905	1777
116	2912	1781
155	2923	1789
213	2940	1800
344	2950	1820
633	2895	1813
1148	2858	1803
1638	2820	1806
2046	2789	1812
2403	2762	1805
2725	2742	1795
3022	2726	1771
3297	2714	1742
3563	2702	1706
3842	2689	1678
4095	2656	1633
118	3137	1736
123	3139	1737
121	3145	1741
158	3156	1747
209	3171	1756
326	3191	1769
509	3160	1783
938	3117	1773
1477	3090	1763
1915	3062	1749
2299	3040	1739
2640	3022	1736
2944	3002	1715
3237	2991	1682
3517	2977	1636
3819	2958	1596
4095	2931	1530
139	3358	1701
140	3360	1701
150	3366	1704
164	3378	1709
205	3394	1716
312	3411	1725
438	3411	1753
636	3363	1746
1321	3338	1722
1798	3315	1702
2192	3299	1679
2546	3284	1651
2856	3272	1620
3157	3259	1584
3467	3244	1529
3776	3224	1460
4084	3200	1375
164	3581	1622
165	3583	1623
174	3589	1623
191	3600	1625
207	3607	1627
297	3613	1629
392	3608	1719
534	3651	1665
926	3608	1645
1555	3582	1622
2008	3564	1594
2396	3549	1551
2749	3535	1503
3072	3522	1442
3387	3510	1378
3708	3487	1333
4020	3465	1266
187	3820	1544
190	3821	1544
192	3826	1543
221	3836	1541
242	3851	1538
303	3872	1533
343	3898	1527
387	3920	1569
654	3904	1542
1164	3865	1504
1762	3842	1458
2182	3833	1374
2595	3816	1340
2955	3801	1295
3289	3784	1240
3620	3767	1173
3941	3744	1099
223	4063	1372
225	4065	1372
232	4069	1374
249	4079	1377
270	4092	1382
300	4095	1386
317	4095	1390
349	4095	1363
381	4095	1345
682	4095	1322
1363	4095	1279
1956	4095	1235
2436	4088	1182
2825	4073	1126
3175	4060	1062
3515	4043	978
3846	4021	871
203	422	2265
265	480	2293
363	463	2352
521	432	2330
1151	283	2301
1508	218	2273
1749	184	2244
2015	156	2210
2305	153	2178
2573	149	2149
2792	149	2117
3020	142	2089
3257	148	2065
3496	153	2043
3745	158	2023
3994	166	1987
4095	235	2050
184	535	2349
205	551	2371
332	514	2415
553	477	2389
1150	382	2361
1491	287	2320
1751	248	2282
2030	235	2240
2314	195	2202
2587	158	2168
2814	197	2132
3037	191	2103
3271	192	2076
3509	199	2052
3757	208	2030
4006	260	1994
4095	421	2070
147	648	2374
187	666	2394
301	684	2460
520	683	2447
1079	479	2429
1443	438	2406
1721	359	2380
2114	313	2280
2376	291	2243
2629	265	2237
2861	245	2187
3103	239	2149
3328	236	2114
3557	245	2085
3805	258	2046
4048	389	2017
4095	610	2060
129	1074	2340
165	1032	2359
272	990	2411
486	889	2406
911	709	2407
1392	644	2383
1691	555	2352
2018	534	2320
2334	485	2283
2567	372	2252
2816	336	2215
3131	311	2183
3381	332	2150
3624	336	2121
3898	358	2096
4095	498	2061
4095	804	2058
114	1311	2296
160	1324	2308
239	1276	2353
388	1245	2370
754	1064	2368
1213	946	2344
1581	851	2317
1898	756	2283
2207	680	2251
2506	585	2218
2771	507	2183
3038	598	2154
3309	587	2123
3621	560	2110
3880	604	2082
4095	651	2057
4095	1012	2033
92	1549	2257
132	1551	2266
199	1562	2296
312	1527	2326
669	1402	2323
1088	1312	2302
1481	1221	2279
1808	1132	2252
2124	1064	2223
2439	1003	2193
2717	944	2165
2977	884	2138
3235	842	2113
3540	784	2096
3818	850	2071
4089	901	2044
4095	1213	1993
71	1745	2260
101	1748	2266
146	1757	2288
236	1748	2326
585	1686	2328
948	1590	2317
1393	1521	2300
1736	1462	2268
2059	1417	2228
2381	1377	2183
2666	1342	2145
2952	1274	2130
3223	1201	2104
3492	1142	2081
3764	1188	2052
4035	1235	2031
4095	1404	1963
58	1942	2244
92	1944	2249
131	1953	2265
188	1968	2295
438	1917	2314
785	1839	2308
1265	1788	2294
1664	1736	2272
2005	1695	2249
2334	1663	2217
2640	1634	2175
2906	1608	2125
3180	1580	2087
3446	1539	2061
3724	1491	2036
3995	1539	2017
4095	1588	1967
56	2170	2204
86	2171	2207
116	2180	2219
172	2198	2242
291	2195	2268
664	2083	2273
1142	2037	2261
1562	1997	2248
1927	1960	2228
2275	1928	2205
2596	1901	2183
2873	1876	2150
3146	1862	2099
3401	1838	2041
3681	1809	2019
3954	1774	2002
4095	1803	1971
55	2429	2152
79	2431	2155
113	2439	2164
164	2453	2181
263	2472	2205
627	2395	2222
990	2338	2233
1461	2288	2218
1849	2246	2201
2205	2209	2178
2540	2181	2160
2830	2151	2137
3111	2123	2112
3371	2113	2057
3638	2099	2002
3914	2068	1983
4095	2043	1962
56	2669	2085
78	2670	2086
111	2677	2093
162	2690	2106
242	2709	2124
403	2691	2143
768	2617	2164
1353	2569	2186
1765	2535	2171
2138	2507	2153
2476	2483	2133
2785	2460	2112
3072	2440	2095
3345	2422	2065
3609	2408	2012
3873	2394	1967
4095	2373	1957
66	2905	2046
87	2906	2048
115	2912	2053
159	2924	2062
209	2940	2077
354	2950	2096
618	2893	2084
1172	2850	2100
1678	2807	2119
2072	2773	2124
2418	2753	2107
2731	2734	2090
3030	2715	2072
3312	2699	2054
3578	2690	2011
3841	2680	1953
4095	2659	1908
119	3141	2009
117	3143	2010
127	3149	2014
160	3158	2022
226	3173	2033
329	3192	2048
467	3162	2056
922	3117	2045
1486	3085	2032
1942	3054	2047
2335	3025	2051
2673	3004	2052
2978	2989	2035
3264	2976	1998
3540	2964	1947
3820	2949	1884
4095	2927	1826
143	3360	1969
147	3362	1970
155	3368	1973
169	3379	1979
243	3395	1989
317	3413	2002
428	3412	2027
629	3364	2018
1312	3339	1995
1789	3319	1978
2190	3300	1956
2549	3284	1938
2868	3267	1919
3170	3253	1886
3469	3241	1839
3776	3225	1777
4084	3198	1708
167	3583	1899
169	3583	1900
181	3585	1901
203	3589	1904
248	3595	1908
306	3599	1915
401	3598	1996
560	3652	1950
871	3610	1929
1554	3585	1908
2002	3567	1882
2398	3551	1851
2745	3537	1810
3070	3525	1766
3383	3506	1715
3709	3487	1679
4020	3464	1637
191	3822	1830
195	3823	1830
207	3828	1829
230	3838	1828
253	3853	1827
310	3874	1828
362	3901	1827
398	3922	1866
640	3906	1847
1149	3868	1816
1725	3854	1750
2183	3832	1719
2597	3815	1689
2951	3798	1654
3286	3780	1617
3617	3761	1572
3943	3742	1516
231	4060	1708
233	4061	1708
240	4065	1710
253	4073	1714
278	4085	1719
306	4095	1725
328	4095	1733
357	4095	1742
409	4095	1695
507	4095	1676
1358	4095	1648
1964	4095	1618
2435	4085	1582
2824	4071	1536
3172	4054	1485
3511	4036	1424
3846	4019	1359
214	468	2533
249	534	2556
315	614	2623
475	538	2605
1013	359	2580
1415	284	2553
1716	231	2526
1990	200	2496
2263	186	2465
2538	181	2436
2782	178	2409
3006	174	2383
3245	170	2356
3482	173	2328
3732	176	2307
3985	183	2269
4095	244	2302
204	570	2602
214	572	2624
343	667	2677
488	533	2655
1084	429	2631
1441	300	2598
1732	276	2562
1997	275	2525
2272	211	2488
2548	190	2456
2801	224	2424
3023	204	2396
3259	214	2370
3495	217	2339
3746	223	2304
3995	255	2277
4095	415	2301
175	695	2650
200	788	2669
326	719	2740
502	710	2729
992	499	2711
1417	458	2688
1703	383	2662
2069	350	2568
2335	320	2572
2603	291	2523
2838	271	2480
3082	259	2442
3314	259	2410
3545	261	2379
3791	269	2339
4036	309	2306
4095	587	2311
156	1053	2622
177	1004	2636
284	969	2686
475	915	2693
812	745	2691
1323	617	2666
1673	564	2639
1998	530	2611
2312	477	2577
2547	395	2543
2859	357	2509
3111	337	2478
3360	342	2449
3612	348	2419
3888	362	2398
4095	487	2359
4095	789	2286
118	1326	2582
166	1291	2594
233	1261	2636
347	1235	2655
720	1078	2650
1188	954	2631
1557	854	2604
1882	835	2577
2187	777	2540
2492	705	2508
2759	660	2475
3018	603	2446
3293	588	2417
3612	576	2414
3874	606	2389
4095	640	2360
4095	987	2279
104	1541	2543
136	1540	2551
194	1554	2582
300	1536	2616
619	1449	2613
1054	1318	2591
1450	1225	2570
1796	1141	2545
2109	1077	2514
2419	1016	2486
2706	963	2457
2965	902	2431
3266	835	2424
3530	805	2397
3818	851	2374
4082	879	2344
4095	1176	2238
89	1751	2511
103	1753	2517
139	1761	2539
250	1781	2579
546	1720	2578
852	1616	2564
1335	1542	2545
1705	1476	2516
2038	1432	2487
2364	1384	2462
2657	1349	2436
2946	1282	2431
3217	1205	2405
3484	1137	2381
3759	1176	2358
4026	1214	2329
4095	1361	2242
62	1945	2512
93	1948	2516
130	1956	2533
201	1970	2563
413	1941	2580
689	1855	2576
1231	1795	2567
1634	1745	2548
1982	1703	2516
2314	1670	2487
2624	1644	2446
2897	1621	2410
3172	1581	2386
3440	1536	2362
3717	1490	2336
3988	1494	2313
4095	1545	2246
61	2167	2492
83	2169	2496
113	2179	2508
175	2196	2531
307	2206	2556
633	2091	2567
1077	2043	2563
1550	1999	2549
1911	1960	2528
2265	1929	2507
2586	1903	2482
2865	1888	2440
3133	1864	2386
3398	1839	2340
3673	1811	2316
3948	1775	2295
4095	1779	2261
60	2427	2461
81	2429	2463
109	2437	2473
167	2451	2490
255	2471	2516
566	2403	2529
965	2341	2534
1434	2291	2518
1835	2245	2501
2194	2211	2482
2534	2180	2462
2827	2153	2443
3105	2125	2415
3366	2112	2361
3632	2098	2301
3910	2073	2276
4095	2046	2257
61	2668	2397
82	2669	2399
113	2676	2406
163	2688	2419
233	2707	2439
402	2689	2463
810	2616	2485
1331	2573	2491
1758	2540	2477
2129	2507	2456
2471	2485	2439
2782	2462	2421
3067	2439	2401
3343	2419	2384
3606	2407	2321
3872	2390	2264
4095	2380	2242
84	2905	2341
96	2907	2343
118	2913	2350
163	2923	2360
214	2940	2377
348	2950	2394
636	2890	2405
1174	2844	2429
1678	2804	2448
2061	2777	2431
2413	2754	2414
2730	2736	2398
3029	2719	2383
3309	2698	2363
3579	2684	2336
3850	2672	2267
4095	2656	2197
127	3140	2298
126	3142	2299
132	3148	2305
171	3157	2314
247	3171	2328
324	3190	2348
463	3161	2352
882	3118	2343
1511	3078	2370
1989	3043	2387
2359	3019	2392
2684	3003	2379
2986	2988	2355
3272	2970	2326
3559	2948	2291
3838	2935	2220
4095	2920	2140
154	3361	2256
157	3362	2257
166	3368	2261
178	3380	2270
249	3395	2282
319	3413	2298
432	3413	2322
613	3368	2305
1301	3343	2290
1785	3321	2277
2202	3293	2284
2582	3272	2284
2903	3258	2274
3203	3240	2243
3499	3224	2193
3794	3206	2123
4087	3191	2038
181	3569	2184
183	3570	2185
188	3573	2187
214	3578	2193
264	3584	2200
315	3586	2287
410	3591	2288
573	3657	2249
838	3613	2229
1530	3588	2209
1995	3569	2185
2384	3552	2152
2742	3536	2121
3076	3517	2092
3392	3499	2056
3707	3478	2012
4015	3459	1964
208	3823	2112
212	3824	2112
225	3830	2113
246	3840	2116
267	3855	2119
313	3877	2123
374	3903	2127
467	3924	2169
618	3908	2150
1082	3870	2122
1687	3857	2073
2170	3834	2047
2593	3817	2017
2948	3799	1984
3278	3777	1946
3610	3759	1910
3937	3737	1865
237	4060	2022
239	4061	2023
245	4066	2026
258	4074	2031
286	4089	2039
312	4095	2050
339	4095	2064
365	4095	2076
391	4095	2029
685	4095	2010
1340	4095	1985
1958	4095	1955
2432	4085	1921
2818	4067	1884
3164	4050	1845
3508	4036	1798
3844	4016	1744
225	530	2787
269	573	2806
357	663	2876
454	578	2866
836	493	2844
1350	341	2817
1651	297	2790
1960	267	2765
2246	219	2734
2511	216	2705
2766	212	2677
2993	208	2654
3231	203	2630
3469	199	2605
3726	200	2575
3970	204	2545
4095	255	2549
224	593	2846
251	625	2865
354	712	2923
471	590	2912
863	531	2891
1372	362	2857
1676	319	2824
1971	318	2793
2249	227	2757
2522	222	2724
2780	257	2693
3010	217	2667
3244	242	2642
3481	241	2616
3737	237	2585
3981	250	2553
4095	415	2567
202	742	2915
240	801	2933
352	761	3000
489	693	3005
833	587	2987
1326	510	2963
1690	412	2935
2008	390	2839
2300	348	2839
2577	320	2793
2825	303	2753
3067	290	2716
3297	281	2682
3531	282	2653
3780	289	2618
4020	342	2583
4095	576	2585
180	1035	2889
206	977	2901
291	947	2950
464	886	2968
804	756	2966
1247	657	2939
1652	589	2907
1965	547	2885
2291	491	2850
2525	418	2818
2846	390	2788
3094	363	2755
3350	353	2721
3591	362	2693
3868	370	2671
4095	476	2639
4095	769	2514
155	1295	2849
172	1259	2860
232	1224	2900
306	1188	2928
686	1094	2924
1108	950	2903
1532	866	2880
1859	847	2847
2171	785	2814
2473	720	2781
2747	674	2749
3003	629	2719
3274	600	2687
3597	595	2695
3855	606	2667
4095	629	2644
4095	951	2524
118	1539	2811
143	1542	2820
184	1552	2850
285	1495	2889
568	1433	2888
961	1314	2869
1432	1229	2846
1767	1147	2820
2092	1078	2790
2401	1022	2760
2696	958	2731
2954	896	2701
3260	847	2706
3523	822	2681
3806	842	2655
4073	868	2630
4095	1137	2530
109	1747	2777
109	1749	2783
133	1757	2805
263	1779	2846
486	1734	2846
805	1622	2829
1321	1550	2812
1686	1479	2788
2024	1430	2763
2350	1389	2736
2647	1354	2709
2939	1280	2711
3213	1211	2688
3475	1150	2663
3751	1173	2640
4016	1198	2614
4095	1335	2539
82	1949	2750
98	1952	2754
125	1960	2771
222	1972	2802
399	1965	2818
648	1871	2812
1185	1809	2796
1594	1760	2776
1940	1721	2749
2296	1682	2729
2610	1652	2709
2888	1619	2688
3170	1586	2671
3431	1543	2643
3710	1498	2622
3977	1448	2597
4095	1536	2550
76	2168	2748
87	2170	2751
115	2179	2764
211	2197	2788
312	2218	2811
602	2129	2821
1009	2052	2821
1517	2004	2814
1891	1965	2795
2244	1937	2766
2563	1914	2731
2843	1892	2689
3120	1877	2647
3389	1841	2624
3668	1812	2603
3941	1777	2581
4095	1783	2551
71	2426	2737
89	2428	2740
111	2437	2750
175	2451	2768
267	2471	2796
469	2418	2803
913	2344	2818
1421	2292	2806
1823	2248	2788
2189	2211	2769
2527	2181	2749
2815	2148	2725
3091	2135	2682
3354	2124	2630
3625	2103	2583
3901	2076	2562
4095	2052	2546
76	2665	2690
91	2667	2692
114	2673	2700
171	2685	2714
229	2703	2735
397	2689	2755
851	2618	2776
1306	2575	2778
1738	2538	2760
2119	2507	2743
2463	2483	2724
2775	2463	2707
3063	2443	2690
3336	2420	2664
3600	2411	2608
3866	2395	2553
4095	2381	2528
85	2907	2625
102	2908	2627
120	2914	2633
174	2925	2645
218	2941	2662
351	2949	2688
689	2889	2708
1154	2841	2734
1651	2806	2735
2058	2780	2721
2405	2757	2702
2731	2738	2686
3024	2720	2670
3304	2700	2652
3582	2683	2637
3852	2669	2572
4095	2651	2503
129	3143	2584
135	3145	2585
136	3150	2591
176	3160	2601
250	3173	2616
324	3193	2637
459	3166	2638
910	3115	2657
1536	3074	2681
1993	3040	2695
2350	3021	2679
2678	3003	2662
2977	2987	2644
3267	2972	2625
3554	2948	2598
3847	2926	2560
4095	2909	2483
158	3365	2545
167	3367	2546
184	3372	2551
186	3383	2560
251	3398	2573
315	3415	2590
427	3416	2610
597	3375	2593
1279	3345	2586
1813	3313	2608
2248	3287	2627
2602	3265	2625
2907	3250	2600
3209	3235	2573
3508	3216	2541
3815	3193	2502
4095	3175	2444
188	3563	2497
189	3563	2498
221	3567	2501
227	3571	2559
230	3577	2564
306	3586	2569
396	3592	2574
551	3664	2551
805	3620	2535
1473	3594	2517
1972	3571	2495
2410	3547	2499
2778	3524	2496
3112	3505	2480
3424	3479	2455
3739	3460	2417
4036	3442	2363
217	3828	2424
220	3829	2424
229	3835	2426
256	3845	2430
280	3860	2434
316	3880	2441
382	3904	2448
474	3923	2488
596	3910	2472
1039	3877	2451
1677	3860	2417
2182	3834	2393
2588	3814	2364
2943	3795	2334
3289	3774	2315
3618	3750	2277
3939	3731	2226
254	4063	2363
256	4064	2364
263	4068	2368
272	4076	2374
295	4089	2383
321	4095	2394
344	4095	2406
362	4095	2423
388	4095	2379
766	4095	2362
1337	4095	2336
1961	4095	2305
2412	4085	2269
2815	4070	2235
3161	4052	2194
3499	4034	2152
3836	4015	2104
276	592	3040
290	613	3057
362	677	3120
446	647	3126
728	590	3105
1229	414	3080
1612	349	3051
1930	292	3024
2220	262	2996
2495	256	2968
2752	247	2942
2983	239	2915
3219	232	2890
3458	233	2867
3714	237	2835
3963	246	2813
4095	275	2803
259	641	3092
289	680	3110
345	683	3165
457	663	3168
773	632	3149
1257	421	3118
1673	361	3085
1935	361	3052
2219	262	3020
2499	259	2988
2770	254	2959
3002	247	2928
3233	250	2904
3472	241	2879
3725	252	2845
3973	253	2822
4095	397	2823
242	785	3180
268	829	3196
333	802	3254
448	719	3272
730	674	3254
1206	559	3231
1632	441	3197
1982	429	3154
2266	384	3104
2545	352	3056
2794	335	3018
3053	322	2978
3289	316	2948
3521	314	2917
3769	325	2881
4014	375	2854
4095	516	2785
225	1017	3155
242	956	3165
299	937	3210
438	858	3236
688	779	3231
1165	697	3205
1608	621	3174
1959	565	3155
2266	506	3123
2501	445	3087
2821	415	3055
3085	397	3023
3321	383	2991
3609	387	2976
3858	398	2941
4090	496	2907
4095	712	2794
168	1294	3117
201	1246	3128
227	1243	3164
292	1202	3198
574	1114	3194
1076	959	3171
1501	869	3146
1840	864	3116
2152	802	3082
2456	742	3046
2727	692	3013
2995	653	2979
3248	622	2949
3591	613	2966
3848	611	2940
4095	656	2915
4095	908	2801
143	1532	3079
150	1536	3088
192	1549	3119
279	1520	3162
460	1471	3160
914	1321	3138
1391	1232	3114
1731	1163	3088
2076	1098	3057
2392	1038	3027
2678	970	2994
2940	910	2964
3252	862	2979
3516	839	2952
3803	823	2927
4067	862	2903
4095	1114	2811
113	1739	3043
124	1741	3050
137	1748	3073
255	1768	3115
413	1744	3118
784	1633	3101
1266	1563	3080
1658	1487	3056
2013	1441	3029
2334	1396	3004
2660	1338	3006
2932	1287	2984
3207	1220	2959
3471	1164	2937
3744	1132	2911
4012	1200	2889
4095	1326	2819
99	1945	3009
99	1947	3014
121	1955	3031
231	1969	3063
367	1977	3077
627	1902	3064
1149	1822	3046
1571	1770	3025
1940	1725	3024
2286	1690	3004
2601	1651	2984
2883	1623	2962
3164	1586	2940
3429	1553	2918
3703	1499	2894
3975	1454	2874
4095	1538	2825
89	2175	2983
92	2176	2987
118	2185	3000
215	2202	3025
318	2211	3065
567	2156	3057
945	2070	3052
1464	2020	3039
1852	1981	3021
2217	1952	2997
2541	1927	2963
2832	1902	2937
3114	1876	2917
3387	1845	2897
3663	1812	2875
3939	1782	2857
4095	1786	2824
86	2426	2990
96	2428	2993
114	2435	3004
183	2448	3024
258	2469	3054
448	2430	3056
841	2360	3062
1390	2303	3062
1799	2256	3052
2174	2217	3033
2503	2189	3003
2798	2166	2966
3077	2147	2926
3346	2135	2880
3621	2105	2855
3897	2080	2836
4095	2051	2815
91	2661	2959
99	2663	2962
115	2669	2970
175	2681	2986
235	2699	3010
378	2695	3028
831	2626	3046
1284	2574	3055
1733	2537	3039
2107	2510	3022
2455	2484	3004
2763	2462	2986
3057	2441	2967
3322	2428	2919
3594	2406	2870
3858	2400	2818
4095	2380	2799
94	2900	2909
109	2901	2910
122	2907	2917
179	2918	2930
226	2934	2949
349	2943	2974
708	2888	2996
1134	2842	3020
1640	2805	3014
2043	2778	2997
2399	2757	2982
2719	2736	2964
3017	2718	2945
3304	2700	2930
3577	2682	2908
3850	2667	2849
4095	2649	2787
143	3147	2857
147	3148	2858
146	3153	2864
186	3161	2875
226	3173	2891
317	3192	2912
466	3161	2928
929	3110	2953
1533	3070	2979
1973	3040	2973
2355	3019	2957
2673	3003	2940
2971	2986	2923
3263	2969	2908
3551	2947	2889
3848	2919	2865
4095	2904	2797
176	3366	2818
180	3368	2819
194	3374	2824
195	3384	2833
230	3398	2846
302	3392	2864
423	3418	2880
605	3381	2873
1312	3340	2896
1841	3304	2918
2254	3281	2932
2593	3265	2914
2901	3250	2896
3198	3234	2873
3502	3214	2847
3809	3190	2817
4095	3166	2792
210	3560	2810
213	3561	2811
234	3565	2815
240	3572	2820
242	3579	2825
309	3592	2833
392	3606	2844
528	3669	2835
765	3626	2825
1456	3599	2808
2008	3564	2826
2438	3537	2843
2802	3514	2846
3122	3496	2820
3435	3476	2794
3749	3451	2765
4062	3430	2738
244	3829	2714
245	3831	2715
251	3836	2717
273	3846	2722
293	3860	2729
317	3878	2736
390	3903	2746
464	3926	2782
579	3919	2772
940	3890	2747
1657	3861	2729
2154	3836	2706
2600	3808	2707
2984	3784	2712
3325	3756	2703
3659	3735	2681
3974	3714	2640
265	4062	2673
267	4063	2674
274	4068	2678
291	4077	2684
314	4090	2694
330	4095	2707
350	4095	2723
372	4095	2741
393	4095	2697
795	4095	2684
1303	4095	2663
1951	4095	2640
2410	4087	2611
2806	4068	2578
3155	4052	2549
3508	4030	2531
3845	4007	2494
301	654	3287
308	666	3303
375	691	3358
438	715	3377
592	686	3360
1125	488	3335
1539	410	3309
1886	366	3281
2181	325	3255
2478	312	3227
2737	301	3200
2967	282	3175
3212	276	3152
3447	271	3126
3706	274	3097
3958	287	3071
4095	301	3054
283	690	3334
294	734	3349
336	709	3405
446	730	3423
656	708	3400
1164	492	3371
1588	417	3339
1899	368	3307
2185	332	3277
2485	314	3246
2756	302	3217
2984	292	3190
3225	290	3165
3459	278	3137
3718	283	3107
3966	285	3080
4095	407	3044
265	829	3437
290	840	3453
314	817	3512
429	745	3542
644	730	3522
1160	608	3493
1589	542	3447
1966	479	3405
2236	437	3360
2508	400	3317
2780	378	3276
3034	362	3243
3274	353	3208
3510	338	3173
3758	344	3143
4002	378	3111
4095	508	3060
247	998	3413
285	947	3424
292	926	3468
412	866	3505
630	805	3492
1119	723	3461
1577	668	3429
1946	590	3416
2181	542	3385
2469	487	3351
2800	450	3315
3052	433	3286
3315	416	3252
3590	398	3245
3841	423	3205
4081	504	3172
4095	683	3070
195	1316	3377
229	1247	3389
235	1248	3425
278	1205	3464
526	1139	3453
1029	979	3428
1470	900	3403
1807	879	3372
2126	824	3336
2430	766	3303
2711	726	3268
2967	679	3235
3306	655	3264
3573	629	3237
3835	613	3208
4090	671	3184
4095	896	3076
171	1541	3342
173	1547	3351
199	1568	3381
273	1545	3425
423	1510	3421
837	1357	3397
1354	1264	3372
1716	1169	3344
2058	1105	3311
2370	1045	3282
2666	1002	3250
2974	924	3271
3242	894	3246
3514	860	3222
3783	804	3195
4056	871	3171
4095	1107	3082
168	1746	3306
144	1748	3312
148	1756	3334
248	1778	3376
384	1770	3379
686	1662	3361
1198	1569	3338
1627	1517	3315
1986	1463	3289
2316	1413	3260
2647	1341	3274
2926	1286	3252
3200	1235	3227
3463	1174	3203
3739	1092	3181
4003	1205	3155
4095	1317	3088
115	1949	3272
116	1951	3277
128	1958	3295
240	1972	3327
352	1993	3341
606	1908	3327
1126	1831	3306
1569	1778	3285
1913	1734	3292
2275	1696	3272
2594	1657	3252
2876	1626	3229
3155	1597	3207
3422	1557	3183
3698	1511	3163
3966	1460	3138
4095	1527	3094
103	2172	3263
107	2175	3267
118	2184	3281
214	2202	3306
313	2216	3329
532	2180	3309
885	2096	3295
1432	2035	3281
1837	1995	3264
2199	1962	3245
2532	1935	3226
2821	1906	3203
3107	1883	3185
3380	1847	3164
3658	1824	3143
3930	1785	3120
4095	1782	3092
102	2431	3228
109	2433	3231
116	2442	3242
180	2456	3262
249	2477	3292
460	2456	3289
826	2383	3291
1293	2328	3284
1758	2278	3271
2131	2238	3251
2477	2212	3225
2779	2186	3193
3061	2163	3164
3336	2139	3141
3618	2114	3123
3890	2082	3100
4095	2056	3081
92	2666	3215
111	2668	3218
121	2674	3227
180	2686	3243
241	2703	3267
360	2705	3279
798	2638	3290
1237	2589	3294
1705	2547	3293
2097	2516	3287
2440	2489	3265
2758	2472	3238
3036	2454	3200
3307	2433	3158
3578	2429	3109
3854	2398	3083
4095	2373	3065
103	2902	3182
119	2904	3184
126	2910	3191
183	2921	3205
233	2937	3224
347	2946	3247
726	2897	3263
1105	2848	3279
1625	2807	3287
2033	2780	3271
2388	2756	3253
2724	2738	3236
3014	2719	3218
3295	2700	3202
3563	2688	3159
3842	2672	3108
4095	2650	3055
148	3146	3125
150	3147	3127
156	3152	3134
192	3160	3146
239	3171	3162
311	3191	3183
480	3160	3211
948	3107	3233
1507	3069	3256
1966	3039	3247
2338	3021	3231
2656	3004	3216
2965	2986	3203
3256	2968	3190
3544	2945	3175
3840	2918	3152
4095	2900	3086
184	3367	3086
186	3369	3087
204	3374	3093
205	3383	3102
244	3382	3117
300	3331	3093
399	3394	3153
586	3374	3165
1295	3335	3191
1819	3303	3219
2227	3283	3217
2577	3265	3201
2893	3250	3187
3195	3233	3169
3496	3213	3150
3805	3188	3126
4095	3159	3109
220	3564	3065
223	3566	3066
240	3570	3070
249	3579	3077
254	3592	3088
308	3608	3102
389	3629	3119
469	3669	3119
750	3629	3110
1499	3592	3126
2023	3556	3154
2452	3530	3174
2788	3513	3151
3112	3494	3130
3426	3475	3108
3747	3453	3084
4053	3425	3054
256	3829	2995
259	3831	2996
268	3836	2999
286	3845	3005
307	3859	3014
317	3878	3025
379	3902	3039
453	3924	3057
578	3932	3061
874	3895	3048
1630	3861	3030
2166	3828	3042
2626	3795	3060
3011	3768	3072
3338	3748	3047
3666	3728	3019
3987	3708	2991
277	4066	2973
279	4067	2974
286	4072	2978
311	4080	2985
337	4093	2995
345	4095	3009
368	4095	3026
387	4095	3047
406	4095	3002
823	4095	2992
1241	4095	2974
1909	4095	2948
2405	4088	2925
2824	4065	2927
3196	4040	2933
3549	4013	2923
3889	3993	2900
334	685	3543
332	693	3558
377	777	3613
428	822	3642
520	783	3624
928	655	3600
1463	477	3569
1852	413	3540
2163	368	3513
2464	361	3483
2714	354	3455
2954	337	3430
3202	329	3403
3440	318	3374
3694	311	3348
3947	317	3326
4095	323	3301
310	744	3589
317	766	3604
333	781	3658
420	796	3684
539	798	3664
988	616	3635
1509	517	3600
1874	425	3568
2168	374	3537
2468	354	3503
2728	348	3472
2971	340	3444
3213	335	3417
3452	325	3386
3704	315	3358
3956	318	3335
4095	416	3308
288	861	3700
299	861	3716
330	871	3771
413	823	3810
584	813	3789
1043	693	3748
1552	557	3706
1910	534	3665
2209	445	3620
2495	441	3577
2758	424	3537
3023	397	3497
3262	388	3463
3499	370	3428
3746	364	3396
3994	412	3369
4095	501	3323
270	978	3685
291	955	3691
295	932	3731
389	896	3774
518	860	3752
1008	750	3722
1528	711	3692
1872	643	3656
2162	571	3651
2448	528	3618
2776	500	3584
3035	454	3544
3241	440	3457
3578	426	3503
3829	447	3463
4065	518	3427
4095	677	3336
219	1284	3648
252	1247	3659
256	1253	3693
284	1211	3734
485	1176	3717
974	1035	3692
1422	924	3666
1781	873	3633
2115	808	3596
2401	803	3557
2691	752	3521
2958	689	3482
3298	660	3530
3564	632	3500
3825	639	3471
4074	687	3443
4095	878	3348
204	1535	3607
214	1538	3616
216	1551	3648
279	1527	3694
386	1504	3686
737	1369	3665
1240	1289	3636
1671	1190	3604
2038	1135	3570
2360	1078	3536
2647	1026	3502
2966	951	3541
3237	880	3513
3506	839	3484
3786	830	3456
4045	846	3431
4095	1054	3356
197	1743	3571
174	1747	3577
176	1757	3601
240	1770	3646
362	1766	3646
681	1694	3628
1139	1584	3604
1589	1521	3574
1969	1464	3543
2329	1399	3567
2638	1346	3545
2916	1292	3519
3192	1256	3491
3458	1184	3466
3730	1112	3440
3996	1188	3415
4095	1263	3361
134	1949	3535
134	1951	3540
136	1958	3559
237	1972	3595
338	1975	3607
590	1924	3592
980	1838	3570
1523	1786	3581
1890	1741	3561
2253	1703	3539
2583	1661	3517
2868	1631	3492
3149	1604	3470
3416	1568	3445
3693	1518	3422
3962	1473	3399
4095	1507	3360
122	2173	3528
122	2175	3532
123	2184	3548
211	2201	3578
266	2222	3607
514	2188	3585
815	2128	3571
1409	2041	3549
1817	2001	3531
2182	1969	3511
2522	1940	3490
2819	1914	3468
3101	1888	3444
3376	1856	3426
3655	1829	3404
3924	1792	3379
4095	1775	3352
119	2438	3492
121	2439	3496
123	2446	3508
185	2458	3530
246	2477	3564
447	2469	3547
811	2406	3535
1267	2344	3518
1733	2294	3502
2110	2259	3484
2463	2226	3463
2769	2197	3443
3055	2167	3422
3333	2147	3402
3611	2120	3381
3886	2090	3360
4095	2061	3340
116	2674	3457
123	2675	3459
127	2681	3469
184	2693	3487
241	2709	3513
351	2714	3516
755	2659	3521
1159	2606	3519
1675	2566	3514
2055	2533	3500
2428	2509	3479
2727	2491	3453
3017	2474	3417
3292	2458	3378
3572	2438	3361
3839	2415	3333
4095	2373	3329
119	2909	3431
130	2910	3433
130	2916	3441
187	2926	3456
235	2941	3477
329	2951	3497
695	2911	3512
1060	2860	3523
1590	2819	3528
2019	2787	3527
2385	2764	3520
2706	2744	3499
3002	2728	3467
3277	2717	3426
3549	2702	3389
3830	2683	3346
4095	2646	3330
180	3148	3389
177	3150	3391
170	3154	3398
208	3162	3410
244	3174	3428
303	3191	3452
493	3165	3475
929	3115	3494
1503	3075	3513
1955	3043	3519
2337	3025	3503
2651	3008	3491
2958	2990	3479
3252	2972	3467
3540	2947	3455
3828	2929	3410
4095	2906	3355
212	3364	3350
211	3365	3351
209	3370	3357
213	3283	3274
252	3328	3290
308	3277	3312
387	3412	3419
609	3376	3443
1253	3340	3472
1806	3305	3500
2216	3285	3496
2576	3268	3483
2882	3255	3471
3188	3236	3456
3488	3214	3440
3800	3188	3424
4095	3161	3400
245	3579	3319
245	3580	3320
247	3586	3326
258	3597	3335
273	3613	3350
314	3635	3369
381	3659	3395
462	3673	3395
711	3631	3398
1489	3590	3427
2007	3556	3458
2428	3536	3464
2775	3516	3446
3108	3498	3430
3422	3478	3410
3739	3451	3385
4049	3426	3361
278	3830	3276
278	3831	3277
282	3836	3280
291	3845	3288
330	3860	3299
342	3879	3314
374	3902	3332
437	3929	3355
553	3937	3354
920	3897	3341
1623	3858	3343
2204	3821	3373
2655	3791	3403
3006	3772	3382
3332	3750	3358
3659	3729	3333
3979	3706	3306
313	4064	3263
314	4065	3264
318	4070	3268
331	4078	3275
351	4090	3286
359	4095	3301
368	4095	3320
412	4095	3343
453	4095	3299
808	4095	3292
1222	4095	3272
1889	4095	3251
2419	4083	3264
2853	4055	3287
3226	4026	3299
3563	4007	3272
3894	3987	3244
367	839	3798
356	849	3812
366	913	3861
376	979	3897
408	938	3881
817	772	3858
1374	544	3830
1794	471	3804
2125	411	3774
2447	390	3747
2705	388	3718
2939	384	3691
3188	364	3664
3435	363	3636
3692	374	3610
3939	365	3584
4095	381	3559
344	830	3840
341	850	3853
342	884	3902
386	895	3938
510	919	3919
895	740	3890
1450	567	3860
1806	482	3830
2135	414	3798
2447	395	3767
2721	394	3735
2955	390	3706
3197	372	3678
3445	371	3649
3702	365	3621
3947	406	3593
4095	442	3568
298	928	3963
308	901	3976
319	926	4025
389	901	4062
525	899	4033
973	768	3998
1491	591	3961
1882	545	3923
2174	479	3879
2466	459	3840
2736	439	3798
3004	432	3761
3245	419	3725
3487	401	3694
3738	424	3662
3983	446	3629
4095	489	3590
293	1015	3946
297	1004	3954
299	933	3990
366	988	4037
504	926	4002
913	795	3971
1478	762	3947
1846	684	3907
2152	625	3867
2443	570	3828
2727	544	3786
2984	475	3746
3294	447	3810
3562	465	3771
3815	472	3732
4054	539	3695
4095	682	3601
244	1308	3910
269	1289	3921
279	1263	3955
298	1244	3999
484	1225	3973
852	1077	3951
1367	952	3922
1745	866	3886
2079	792	3848
2381	838	3810
2661	778	3772
3007	700	3833
3280	656	3803
3553	649	3772
3813	544	3743
4064	668	3714
4095	860	3611
237	1545	3874
241	1555	3882
247	1565	3912
291	1551	3960
417	1505	3944
680	1406	3920
1236	1314	3890
1663	1206	3860
2004	1144	3826
2320	1106	3791
2671	995	3842
2951	925	3812
3225	865	3784
3498	834	3755
3772	819	3727
4031	855	3699
4095	1038	3622
208	1748	3836
213	1752	3843
220	1767	3867
231	1788	3912
355	1785	3906
588	1727	3886
1081	1612	3859
1551	1537	3831
1940	1488	3801
2314	1409	3841
2627	1343	3816
2906	1297	3790
3184	1253	3763
3449	1199	3736
3722	1122	3710
3989	1169	3683
4095	1241	3632
140	1955	3801
141	1957	3806
152	1963	3825
223	1977	3861
293	1981	3867
575	1942	3852
921	1877	3877
1441	1798	3855
1873	1749	3835
2231	1703	3812
2570	1672	3789
2860	1639	3765
3139	1608	3741
3408	1571	3716
3687	1534	3695
3952	1483	3665
4095	1485	3632
135	2175	3801
133	2178	3805
147	2188	3820
204	2207	3849
260	2233	3881
495	2213	3856
741	2157	3843
1345	2056	3823
1804	2009	3805
2174	1974	3783
2511	1946	3762
2808	1918	3740
3096	1893	3719
3369	1859	3695
3647	1830	3672
3917	1796	3644
4095	1769	3622
131	2440	3764
131	2443	3767
145	2450	3780
190	2463	3803
253	2482	3837
434	2480	3820
738	2417	3807
1188	2358	3791
1696	2303	3774
2098	2264	3756
2456	2234	3737
2762	2203	3715
3049	2174	3692
3329	2154	3672
3607	2127	3649
3881	2097	3625
4095	2069	3604
133	2676	3728
135	2677	3731
147	2684	3741
193	2695	3759
246	2714	3786
341	2719	3785
644	2668	3771
1158	2622	3759
1637	2581	3744
2035	2549	3727
2394	2527	3710
2719	2506	3689
3008	2485	3669
3290	2460	3647
3569	2439	3626
3843	2416	3604
4095	2371	3602
135	2911	3694
137	2913	3696
149	2919	3703
195	2930	3719
240	2945	3741
310	2956	3753
567	2925	3750
1057	2872	3753
1567	2834	3755
1983	2806	3750
2350	2782	3736
2692	2764	3718
2982	2748	3689
3258	2733	3652
3534	2717	3620
3827	2687	3616
4095	2649	3612
190	3153	3658
186	3154	3660
184	3158	3667
211	3164	3680
248	3177	3699
294	3193	3723
479	3176	3737
908	3124	3747
1496	3084	3759
1958	3054	3765
2317	3032	3772
2632	3014	3771
2949	2996	3760
3232	2978	3736
3521	2962	3705
3811	2941	3664
4095	2915	3614
237	3281	3454
236	3283	3456
219	3289	3463
242	3252	3476
259	3200	3494
317	3223	3519
393	3424	3700
632	3385	3723
1232	3346	3746
1777	3316	3773
2167	3292	3790
2541	3273	3776
2868	3257	3767
3177	3238	3757
3483	3217	3747
3796	3188	3732
4084	3170	3675
281	3604	3572
270	3605	3574
272	3611	3580
291	3620	3599
300	3634	3615
342	3653	3637
384	3672	3665
478	3676	3683
687	3633	3697
1455	3593	3727
1966	3561	3761
2405	3538	3766
2762	3518	3753
3100	3499	3735
3412	3476	3715
3732	3452	3696
4041	3424	3674
319	3837	3565
322	3838	3567
331	3843	3571
340	3852	3581
353	3865	3594
366	3884	3613
380	3908	3641
458	3807	3444
593	3941	3686
965	3907	3640
1649	3854	3668
2220	3817	3703
2639	3794	3716
2997	3775	3696
3322	3751	3672
3649	3731	3648
3970	3705	3622
346	4071	3554
348	4072	3555
354	4077	3560
362	4084	3568
364	4095	3579
370	4095	3596
376	4095	3616
437	4095	3642
499	4095	3674
833	4095	3593
1117	4095	3573
1895	4095	3574
2428	4079	3608
2872	4047	3642
3215	4027	3617
3554	4009	3592
3887	3989	3565
400	865	4050
395	882	4063
363	945	4095
313	991	4095
363	969	4095
768	789	4095
1303	593	4088
1735	512	4061
2096	494	4033
2423	455	4004
2682	450	3978
2931	437	3952
3178	424	3923
3430	411	3894
3679	395	3870
3935	402	3843
4095	410	3820
379	917	4088
369	935	4095
335	988	4095
352	995	4095
480	980	4095
771	775	4095
1357	609	4095
1767	533	4086
2103	497	4056
2424	466	4024
2696	449	3995
2944	445	3965
3186	441	3938
3437	427	3907
3689	416	3882
3942	436	3853
4095	444	3829
307	995	4095
307	995	4095
307	995	4095
366	995	4095
499	985	4095
752	808	4095
1429	625	4095
1819	555	4095
2155	512	4095
2433	477	4094
2724	454	4059
2982	449	4022
3235	450	3986
3470	443	3954
3723	431	3923
3973	457	3890
4095	478	3853
302	1052	4095
302	1140	4095
302	1141	4095
381	1142	4095
475	1108	4095
734	841	4095
1349	812	4095
1778	742	4095
2118	679	4095
2410	649	4069
2704	624	4030
2952	458	3990
3286	454	4075
3553	436	4033
3799	447	3993
4039	555	3957
4095	663	3864
290	1284	4095
298	1285	4095
305	1287	4095
358	1359	4095
451	1231	4095
612	1171	4095
1184	999	4095
1692	929	4095
2048	846	4093
2353	820	4055
2647	794	4017
2993	495	4095
3271	457	4070
3541	441	4039
3801	450	4007
4052	649	3979
4095	848	3874
273	1551	4095
284	1556	4095
295	1568	4095
321	1576	4095
387	1528	4095
518	1481	4095
1063	1360	4095
1607	1261	4095
1962	1192	4073
2279	1120	4038
2669	963	4095
2948	922	4082
3215	832	4051
3495	829	4022
3763	844	3991
4026	859	3964
4095	1033	3885
220	1751	4095
225	1755	4095
239	1773	4095
241	1795	4095
318	1758	4095
495	1739	4095
968	1624	4095
1441	1571	4081
1933	1455	4095
2244	1398	4095
2620	1353	4083
2894	1306	4058
3174	1248	4031
3440	1217	4003
3714	1194	3975
3982	1171	3950
4095	1219	3895
147	1951	4061
147	1953	4066
168	1964	4085
210	1986	4095
286	1988	4095
467	1969	4095
778	1900	4095
1392	1812	4095
1846	1762	4095
2209	1718	4079
2563	1684	4056
2854	1651	4035
3133	1620	4009
3398	1583	3981
3677	1544	3957
3944	1488	3930
4095	1499	3895
142	2179	4067
145	2181	4071
161	2191	4086
203	2214	4095
273	2240	4095
438	2224	4095
668	2183	4095
1217	2090	4093
1748	2024	4073
2148	1985	4051
2494	1959	4031
2800	1931	4009
3088	1905	3985
3361	1868	3959
3638	1835	3934
3910	1805	3910
4095	1779	3886
137	2441	4031
147	2443	4034
155	2450	4047
195	2464	4070
269	2487	4095
395	2482	4087
666	2429	4074
1096	2373	4060
1638	2309	4041
2093	2277	4022
2446	2246	4002
2758	2217	3982
3046	2188	3961
3324	2165	3936
3601	2132	3914
3877	2106	3891
4095	2098	3854
140	2682	3996
149	2684	3998
162	2690	4009
203	2702	4027
265	2722	4056
353	2728	4053
534	2686	4040
1059	2642	4029
1587	2594	4012
2025	2561	3993
2386	2537	3975
2716	2516	3957
3006	2495	3937
3287	2472	3914
3565	2446	3891
3842	2415	3874
4095	2369	3878
152	2917	3960
166	2918	3962
169	2923	3970
209	2934	3986
271	2949	4009
327	2960	4020
440	2936	4010
994	2893	3995
1534	2857	3982
1965	2824	3964
2329	2804	3949
2666	2787	3933
2966	2768	3904
3248	2746	3899
3531	2721	3897
3825	2688	3895
4095	2645	3898
200	3157	3926
194	3158	3928
205	3162	3935
215	3170	3949
277	3182	3967
301	3198	3989
410	3190	3983
902	3142	3977
1466	3104	3986
1912	3076	3991
2262	3056	3993
2608	3034	3989
2916	3017	3980
3211	2999	3961
3496	2980	3935
3793	2955	3909
4095	2916	3906
247	3199	3645
244	3201	3647
243	3209	3655
249	3222	3670
292	3240	3691
336	3265	3716
399	3436	3970
698	3399	3981
1124	3364	4003
1710	3333	4027
2137	3306	4040
2518	3284	4052
2849	3265	4054
3165	3245	4044
3461	3226	4021
3771	3205	3980
4062	3185	3927
295	3613	3826
295	3615	3828
296	3620	3834
301	3629	3846
326	3644	3865
371	3664	3889
387	3683	3919
494	3683	3966
662	3648	3982
1367	3606	4011
1915	3575	4042
2361	3548	4070
2750	3527	4056
3091	3507	4040
3403	3481	4020
3726	3458	4004
4031	3427	3981
343	3842	3854
345	3843	3855
349	3849	3861
354	3859	3873
361	3874	3889
377	3893	3890
393	3809	3917
442	3926	3759
633	3945	3974
1113	3906	3943
1650	3861	3978
2198	3827	4012
2610	3802	4022
2986	3780	4002
3310	3758	3982
3642	3736	3962
3963	3711	3941
373	4076	3843
374	4077	3844
379	4082	3849
385	4090	3858
390	4095	3872
412	4095	3890
453	4095	3915
494	4095	3940
604	4095	3966
858	4095	3895
1113	4095	3874
1889	4095	3908
2449	4084	3946
2864	4056	3961
3203	4036	3938
3543	4015	3914
3877	3991	3890