0	0	0
466	4	0
933	8	0
1165	14	0
1384	20	1
1586	27	1
1803	34	1
2025	38	1
2246	47	1
2475	54	1
2692	70	1
2915	77	1
3138	89	1
3357	122	1
3554	160	2
3749	202	3
3979	208	5
13	570	20
400	352	16
875	317	14
1082	257	13
1336	206	12
1548	184	12
1890	164	12
2091	146	15
2279	147	17
2476	145	17
2683	147	17
2903	154	17
3140	169	17
3350	204	16
3546	251	16
3746	276	16
3973	236	15
16	964	40
314	828	31
602	627	29
999	500	26
1288	391	24
1510	340	23
1777	295	24
2010	254	30
2225	247	34
2467	237	34
2673	223	34
2895	231	34
3122	248	33
3331	286	31
3523	342	31
3730	349	29
3961	356	25
19	1227	74
211	1151	83
402	957	78
810	848	74
1134	759	70
1404	692	66
1650	621	63
1891	580	61
2126	565	63
2377	543	65
2612	537	61
2837	527	57
3055	488	62
3283	513	57
3499	558	47
3728	574	46
3947	603	35
20	1382	145
146	1384	134
276	1291	128
592	1169	122
1014	1092	116
1329	1031	110
1578	973	103
1818	923	107
2065	885	111
2332	866	112
2571	850	107
2794	823	98
3015	828	97
3236	838	89
3454	866	78
3699	872	73
3930	887	46
21	1639	161
123	1618	174
198	1542	186
490	1444	177
861	1391	171
1242	1346	165
1520	1302	159
1762	1254	166
2012	1221	162
2274	1196	159
2539	1176	154
2763	1174	142
2987	1166	131
3211	1163	128
3437	1173	120
3682	1194	105
3915	1186	67
25	1822	178
119	1809	197
195	1769	217
434	1704	232
771	1642	214
1166	1612	209
1467	1572	203
1719	1538	209
1973	1508	213
2237	1492	206
2495	1483	200
2737	1475	163
2963	1466	163
3202	1469	167
3426	1482	161
3665	1484	151
3900	1477	112
41	2008	195
123	1998	202
189	1955	252
426	1916	276
756	1870	280
1115	1834	264
1413	1804	260
1679	1778	254
1948	1757	249
2213	1748	244
2479	1740	213
2731	1738	199
2957	1739	194
3196	1732	189
3417	1739	198
3649	1742	203
3880	1748	193
72	2227	268
127	2218	278
183	2180	288
445	2118	326
726	2091	346
1092	2066	319
1405	2037	318
1677	2014	309
1945	2002	308
2212	1997	306
2480	1991	226
2728	1988	216
2957	1985	206
3189	1987	220
3408	1984	235
3640	1985	255
3866	1988	298
91	2457	306
139	2450	311
186	2427	331
459	2386	377
743	2364	391
1074	2336	374
1385	2306	390
1665	2290	364
1935	2278	334
2200	2270	323
2470	2265	289
2718	2261	285
2949	2260	274
3181	2258	261
3405	2257	271
3637	2258	314
3863	2258	383
117	2680	344
156	2675	383
196	2658	405
453	2628	427
710	2606	437
1080	2588	424
1381	2573	423
1668	2554	416
1935	2543	409
2202	2538	395
2467	2533	381
2715	2533	353
2951	2533	343
3186	2534	346
3410	2533	373
3642	2533	406
3862	2532	428
158	2908	383
178	2905	399
246	2889	450
464	2864	500
699	2846	514
1067	2829	528
1406	2817	499
1688	2810	479
1949	2796	460
2215	2792	458
2474	2786	455
2716	2785	434
2954	2785	413
3181	2774	430
3412	2781	438
3639	2779	440
3869	2782	443
247	3135	421
268	3133	453
341	3120	486
475	3100	551
719	3084	566
1079	3068	555
1432	3047	585
1703	3040	556
1981	3029	551
2240	3024	523
2496	3023	512
2725	3020	483
2961	3023	492
3195	3024	489
3427	3032	461
3669	3029	459
3908	3019	458
322	3340	555
326	3339	559
356	3333	585
545	3321	605
738	3302	599
1055	3291	582
1459	3280	595
1734	3272	633
2000	3266	578
2268	3265	545
2510	3268	570
2733	3268	532
2959	3267	521
3203	3269	508
3437	3268	484
3682	3264	486
3928	3255	488
397	3570	616
384	3570	594
340	3568	607
479	3562	619
789	3548	632
1030	3534	609
1442	3529	622
1725	3522	635
1977	3519	604
2236	3518	566
2480	3516	527
2707	3510	571
2945	3509	550
3188	3510	527
3430	3506	507
3647	3511	488
3891	3503	518
328	3837	641
323	3836	629
323	3834	629
412	3829	643
734	3820	657
953	3806	637
1254	3796	649
1572	3783	661
1871	3778	636
2148	3776	597
2406	3775	583
2665	3770	610
2911	3768	591
3151	3764	572
3395	3763	562
3645	3758	552
3898	3752	562
197	4081	666
199	4082	670
206	4086	681
264	4089	689
532	4082	688
770	4074	710
1034	4060	707
1398	4047	687
1767	4035	667
2064	4030	665
2353	4029	646
2628	4027	627
2877	4021	640
3125	4016	652
3376	4014	636
3632	4010	620
3891	4002	604
87	45	191
535	37	201
995	19	211
1247	21	258
1433	25	248
1629	29	225
1838	35	214
2140	39	209
2340	42	199
2547	53	189
2744	66	178
2947	72	171
3151	85	136
3359	122	168
3555	158	181
3750	197	149
3982	202	127
67	533	216
411	333	280
843	269	275
1147	252	268
1379	207	257
1589	185	236
1878	162	225
2095	146	220
2309	145	217
2479	143	203
2685	145	190
2905	151	190
3142	167	139
3352	185	187
3548	248	188
3747	260	181
3971	253	117
34	948	240
286	839	286
537	597	285
967	491	273
1269	389	262
1513	339	243
1778	295	240
2012	255	232
2228	247	229
2470	237	213
2675	223	208
2896	231	205
3123	249	203
3332	291	208
3525	403	207
3732	358	204
3963	357	126
30	1215	305
202	1148	310
382	960	299
787	842	294
1129	763	288
1405	677	271
1652	621	248
1894	580	240
2128	565	230
2379	543	237
2613	524	229
2838	528	222
3056	490	228
3284	513	226
3501	558	219
3729	574	219
3948	590	136
29	1443	336
151	1409	330
272	1295	320
585	1150	317
1015	1093	310
1329	1032	282
1580	974	250
1820	924	284
2066	886	279
2334	867	270
2574	852	262
2796	824	229
3016	829	257
3237	839	255
3456	866	244
3701	872	237
3931	887	153
27	1640	337
125	1620	346
198	1544	352
490	1446	341
860	1392	332
1242	1347	300
1522	1303	329
1764	1255	325
2013	1222	317
2275	1197	314
2541	1176	305
2764	1175	294
2988	1167	277
3212	1164	267
3438	1173	260
3683	1195	238
3916	1186	204
28	1824	313
116	1810	340
194	1771	363
434	1705	366
771	1643	364
1146	1613	317
1468	1574	361
1720	1539	362
1974	1509	360
2238	1492	330
2496	1484	318
2739	1476	308
2964	1467	302
3203	1469	292
3427	1482	287
3666	1485	271
3901	1478	258
43	2009	285
122	1999	296
188	1956	377
414	1917	388
757	1872	400
1116	1835	390
1414	1805	375
1680	1779	400
1948	1757	394
2214	1749	388
2480	1741	361
2732	1739	339
2957	1739	339
3197	1732	320
3417	1740	314
3649	1742	309
3876	1746	305
72	2228	364
127	2220	376
182	2181	391
435	2118	413
726	2092	436
1089	2066	448
1405	2037	448
1677	2014	438
1944	2002	444
2212	1997	440
2479	1991	385
2727	1988	350
2956	1985	377
3189	1987	344
3407	1983	371
3639	1984	354
3864	1987	358
89	2454	365
142	2447	439
187	2424	481
426	2383	507
731	2359	513
1062	2332	504
1381	2303	511
1663	2288	494
1931	2275	475
2196	2266	468
2469	2263	448
2716	2258	437
2947	2257	417
3177	2253	400
3404	2256	378
3637	2257	399
3862	2257	419
124	2677	519
157	2672	521
211	2655	541
431	2623	553
719	2601	521
1062	2584	549
1370	2568	546
1663	2550	528
1928	2539	537
2198	2535	530
2461	2529	521
2710	2529	508
2948	2530	496
3183	2531	491
3405	2529	500
3636	2531	497
3861	2531	457
158	2905	557
205	2901	565
247	2885	566
481	2862	614
708	2845	569
1080	2828	567
1400	2814	553
1685	2805	579
1947	2795	589
2219	2782	583
2477	2779	567
2712	2777	549
2949	2775	559
3179	2772	567
3410	2780	543
3636	2778	536
3868	2781	496
325	3112	678
345	3110	680
417	3100	688
549	3086	687
724	3074	687
1118	3059	686
1429	3046	666
1699	3038	628
1978	3027	615
2238	3022	626
2493	3021	614
2723	3019	587
2959	3021	592
3191	3021	584
3424	3031	553
3668	3030	525
3907	3020	469
335	3340	706
365	3338	707
456	3332	715
583	3321	725
757	3301	721
1103	3290	712
1456	3279	682
1734	3271	678
1996	3264	638
2262	3264	626
2507	3265	644
2733	3268	625
2959	3267	610
3203	3269	578
3436	3269	554
3681	3265	517
3926	3256	492
377	3568	734
385	3568	733
494	3566	704
616	3561	695
775	3545	708
1065	3533	690
1440	3526	624
1727	3522	672
1979	3519	640
2237	3518	633
2480	3517	613
2707	3511	602
2944	3510	601
3186	3511	588
3428	3507	564
3649	3510	539
3893	3503	533
332	3837	701
360	3837	702
449	3834	686
576	3829	680
734	3820	696
953	3806	694
1254	3796	665
1570	3783	682
1869	3778	640
2146	3776	661
2404	3776	629
2666	3770	611
2912	3768	627
3152	3764	597
3396	3763	574
3646	3758	562
3899	3753	572
197	4082	668
199	4083	671
206	4086	682
264	4090	690
532	4083	688
769	4075	710
1033	4060	707
1398	4047	687
1767	4036	667
2063	4031	679
2352	4029	658
2628	4027	640
2877	4022	652
3125	4017	652
3375	4015	642
3631	4010	626
3890	4002	603
173	90	518
547	69	535
1058	30	527
1268	28	516
1482	30	495
1671	32	449
1873	35	427
2069	40	416
2298	46	397
2525	54	378
2724	58	355
2920	66	341
3136	88	350
3343	119	382
3518	155	360
3708	191	305
3954	193	249
101	497	530
423	355	545
781	312	535
1175	247	525
1421	212	502
1631	187	461
1865	162	438
2068	149	425
2287	146	417
2471	140	385
2727	146	364
2918	147	363
3125	170	370
3335	207	359
3505	242	361
3697	251	366
3954	270	359
49	914	542
281	826	541
504	610	529
889	482	519
1231	395	500
1491	342	464
1733	292	455
1958	262	434
2177	246	424
2417	229	392
2652	221	383
2879	227	376
3094	253	374
3297	296	385
3481	408	382
3690	368	380
3948	346	369
40	1175	537
201	1125	538
363	951	529
730	824	515
1082	746	506
1366	663	476
1604	620	470
1856	586	456
2085	564	441
2348	542	408
2600	515	396
2829	528	387
3044	491	394
3254	523	395
3447	574	391
3691	578	391
3928	577	365
38	1404	527
157	1372	526
279	1258	532
589	1131	526
987	1065	518
1295	1006	498
1551	951	474
1795	914	461
2037	882	447
2301	859	430
2562	845	416
2789	828	406
3006	823	417
3219	839	421
3408	877	410
3676	866	402
3910	874	383
36	1623	512
127	1604	518
201	1527	545
499	1433	537
847	1369	529
1211	1325	507
1488	1279	498
1749	1245	485
2000	1210	472
2258	1189	470
2517	1176	457
2758	1164	445
2977	1154	424
3176	1187	458
3421	1165	450
3664	1174	438
3892	1167	421
39	1809	448
122	1794	482
190	1750	539
445	1691	541
767	1633	547
1125	1597	521
1442	1562	518
1708	1530	515
1967	1503	507
2231	1486	509
2487	1477	505
2726	1463	452
2936	1469	497
3188	1462	482
3416	1472	474
3651	1476	447
3875	1462	405
46	1996	376
124	1986	389
184	1947	559
401	1900	570
745	1860	573
1102	1824	565
1403	1798	557
1674	1771	546
1943	1751	540
2197	1741	528
2460	1737	509
2718	1726	528
2942	1715	525
3178	1725	513
3413	1736	499
3644	1743	422
3867	1745	417
70	2216	460
125	2207	475
179	2176	575
387	2107	584
727	2072	605
1079	2048	613
1387	2023	578
1656	2001	578
1922	1988	580
2189	1980	573
2458	1979	571
2708	1976	552
2943	1977	562
3177	1981	542
3401	1982	506
3632	1983	454
3858	1986	493
87	2442	552
138	2435	568
200	2401	631
394	2366	638
709	2344	635
1055	2317	634
1387	2295	631
1658	2273	623
1920	2259	617
2187	2251	613
2457	2249	608
2702	2244	590
2937	2248	604
3168	2246	596
3396	2251	588
3627	2252	587
3857	2257	534
131	2655	654
168	2650	659
216	2634	677
409	2609	678
729	2591	678
1073	2572	674
1395	2555	670
1669	2540	669
1929	2529	664
2192	2521	666
2454	2519	661
2703	2518	663
2935	2517	648
3167	2517	637
3398	2524	627
3624	2523	588
3853	2526	550
211	2881	732
232	2878	732
308	2866	730
464	2846	728
721	2831	728
1093	2817	728
1387	2801	725
1690	2787	725
1948	2779	732
2207	2773	708
2467	2772	693
2707	2773	678
2944	2769	670
3174	2768	698
3401	2773	680
3627	2773	631
3862	2776	565
329	3112	792
349	3109	792
420	3101	792
550	3085	791
740	3072	791
1120	3055	790
1408	3044	747
1687	3035	736
1972	3022	719
2232	3017	729
2485	3015	711
2718	3015	692
2950	3015	692
3181	3016	679
3417	3024	673
3658	3029	591
3902	3024	539
343	3338	845
368	3336	845
459	3332	845
585	3320	844
784	3299	843
1125	3289	843
1445	3278	768
1733	3270	723
1992	3263	697
2256	3259	715
2499	3261	750
2730	3264	691
2954	3265	679
3196	3270	664
3433	3272	643
3675	3268	575
3920	3260	523
369	3577	803
387	3576	803
499	3575	800
620	3569	795
761	3552	784
1099	3535	770
1396	3526	748
1715	3519	709
1980	3516	676
2239	3518	701
2480	3519	718
2705	3513	690
2940	3513	666
3181	3514	643
3422	3511	605
3657	3510	585
3901	3504	548
346	3838	737
373	3838	739
458	3835	743
582	3829	731
737	3821	735
975	3808	740
1254	3798	728
1565	3785	703
1863	3781	645
2138	3779	693
2395	3779	677
2671	3770	666
2916	3768	664
3156	3764	622
3400	3764	605
3649	3759	595
3902	3754	582
200	4083	671
202	4084	675
209	4088	686
265	4092	690
529	4085	689
766	4077	710
1028	4062	707
1398	4049	697
1768	4037	686
2062	4033	693
2351	4031	669
2626	4029	654
2875	4024	678
3123	4019	653
3373	4017	643
3629	4012	632
3889	4005	620
181	110	713
558	103	747
1016	58	734
1288	35	729
1452	34	718
1645	36	705
1840	37	684
2039	44	663
2257	51	647
2472	55	606
2694	66	574
2891	73	551
3103	92	564
3311	110	596
3509	149	610
3694	183	590
3939	196	591
122	437	734
414	365	766
753	340	759
1203	256	746
1388	213	732
1616	187	716
1837	162	692
1992	150	669
2201	145	653
2431	138	633
2694	147	592
2889	154	582
3098	176	601
3289	208	609
3496	237	557
3685	243	621
3934	248	600
63	887	755
276	847	761
490	623	751
877	476	741
1193	392	729
1478	337	716
1695	287	694
1946	257	668
2146	235	654
2390	224	636
2624	228	623
2853	235	613
3078	259	607
3262	305	623
3433	413	626
3645	373	614
3916	335	611
55	1154	751
201	1121	753
354	946	745
718	816	736
1066	734	724
1353	662	714
1593	615	693
1826	581	671
2058	558	652
2313	539	637
2553	521	626
2777	530	621
3006	543	620
3219	563	605
3411	589	609
3670	579	621
3898	569	593
50	1374	749
154	1352	750
275	1241	743
593	1120	735
971	1056	726
1273	993	715
1537	935	697
1777	898	681
2017	874	662
2271	856	648
2519	838	638
2749	825	637
2968	826	650
3185	862	617
3396	889	615
3655	856	615
3880	850	614
46	1601	738
135	1586	742
204	1509	738
509	1420	732
873	1352	726
1216	1306	715
1491	1258	708
1739	1219	694
1982	1194	677
2235	1182	664
2491	1169	658
2723	1162	662
2947	1166	674
3168	1177	649
3411	1156	640
3642	1163	638
3868	1144	639
47	1795	723
127	1783	721
186	1740	716
456	1676	716
789	1620	731
1153	1580	726
1444	1542	719
1704	1510	709
1953	1489	696
2208	1478	688
2468	1471	692
2707	1460	701
2933	1467	692
3178	1460	672
3400	1459	662
3635	1461	623
3858	1461	667
51	1977	746
125	1967	745
179	1938	742
394	1889	751
743	1849	747
1079	1815	740
1399	1789	738
1666	1764	734
1924	1745	725
2186	1737	727
2452	1731	734
2707	1716	716
2937	1714	711
3168	1722	706
3394	1727	684
3628	1730	648
3854	1732	683
71	2200	761
124	2192	760
175	2166	758
378	2113	777
719	2069	775
1060	2044	777
1378	2021	773
1650	2001	775
1912	1984	770
2179	1976	761
2439	1972	756
2699	1971	754
2930	1969	748
3162	1969	739
3387	1974	728
3617	1977	743
3847	1980	743
85	2432	807
134	2427	806
183	2396	822
363	2363	821
695	2340	821
1042	2314	818
1381	2291	816
1649	2268	810
1910	2252	802
2179	2245	794
2451	2240	796
2697	2239	793
2926	2238	791
3157	2234	792
3382	2238	798
3612	2241	775
3843	2247	767
137	2649	851
154	2645	850
221	2630	849
377	2606	848
714	2587	848
1058	2569	844
1370	2553	844
1665	2538	841
1922	2524	835
2186	2518	835
2445	2515	831
2698	2514	833
2931	2514	835
3162	2512	810
3387	2516	818
3614	2516	808
3845	2521	787
215	2878	885
236	2875	885
311	2864	884
456	2844	882
733	2831	882
1083	2815	883
1384	2799	880
1688	2786	880
1944	2777	876
2202	2770	872
2461	2769	863
2699	2768	854
2941	2766	845
3173	2767	828
3395	2768	817
3623	2770	817
3856	2773	736
329	3111	929
348	3109	928
418	3100	927
544	3081	926
755	3069	926
1118	3055	927
1403	3045	925
1682	3032	920
1971	3023	922
2229	3017	921
2482	3014	906
2716	3014	890
2947	3013	868
3182	3013	817
3408	3017	792
3646	3018	784
3896	3020	608
345	3336	978
364	3335	977
463	3330	977
592	3314	975
801	3298	975
1147	3288	976
1431	3280	956
1731	3270	898
1985	3265	887
2252	3259	869
2493	3259	856
2723	3261	843
2952	3259	793
3184	3264	749
3427	3268	732
3663	3273	668
3908	3267	604
362	3575	937
380	3574	937
491	3571	934
640	3566	930
774	3552	922
1123	3533	911
1390	3526	896
1708	3518	876
1955	3512	852
2222	3507	859
2474	3509	823
2699	3514	777
2932	3518	730
3170	3520	667
3409	3518	646
3671	3508	613
3914	3504	580
353	3829	839
370	3828	837
474	3825	833
608	3820	825
748	3818	814
997	3806	790
1245	3800	800
1553	3789	772
1851	3786	759
2123	3784	725
2379	3785	768
2680	3771	748
2923	3768	712
3162	3765	661
3406	3765	636
3655	3760	662
3907	3755	603
204	4085	679
206	4086	682
213	4090	688
267	4095	691
525	4088	690
759	4080	711
1020	4065	745
1396	4051	726
1768	4040	706
2059	4036	722
2349	4035	693
2623	4032	735
2873	4027	735
3120	4022	654
3370	4020	643
3625	4016	633
3885	4009	636
190	139	920
547	121	964
893	102	961
1238	56	951
1416	52	946
1616	51	936
1821	50	923
2023	52	906
2238	59	894
2453	61	881
2670	69	869
2885	78	860
3089	96	856
3284	118	857
3482	154	861
3687	175	875
3934	197	852
158	395	978
406	374	987
715	353	996
1161	260	980
1366	223	969
1602	188	954
1760	164	937
1976	151	918
2187	145	903
2462	140	888
2675	148	874
2884	157	864
3086	180	858
3274	211	859
3472	241	862
3681	248	877
3929	241	852
89	834	979
265	832	993
441	651	987
842	464	977
1178	394	967
1458	327	953
1700	282	935
1929	250	920
2137	230	902
2382	219	889
2617	225	875
2849	237	866
3069	265	862
3255	303	860
3424	341	870
3639	379	889
3912	334	855
70	1134	977
195	1079	984
319	969	978
709	807	970
1040	735	962
1340	659	950
1583	612	939
1819	575	919
2053	544	898
2304	525	886
2548	506	875
2773	528	870
3002	545	870
3210	564	869
3407	603	886
3665	566	861
3891	560	842
62	1357	976
161	1348	979
266	1235	975
580	1120	967
951	1048	959
1262	982	950
1528	929	938
1775	885	924
2016	861	907
2263	847	895
2514	832	883
2743	819	880
2962	825	883
3181	859	888
3390	884	883
3650	849	858
3878	847	857
55	1576	973
135	1567	974
225	1502	972
498	1410	965
862	1345	956
1206	1301	954
1482	1247	942
1740	1208	933
1987	1183	922
2236	1168	906
2485	1164	898
2719	1156	896
2941	1160	901
3163	1176	914
3408	1154	880
3637	1156	874
3866	1146	875
51	1781	966
129	1769	966
188	1725	965
476	1670	969
804	1604	962
1160	1566	960
1446	1528	948
1713	1495	943
1965	1477	934
2218	1471	926
2463	1459	919
2702	1454	923
2926	1465	917
3174	1456	901
3397	1455	899
3625	1452	897
3854	1463	898
56	1972	968
126	1962	967
182	1932	965
371	1881	968
746	1839	965
1093	1804	965
1416	1774	962
1683	1752	961
1943	1736	956
2200	1730	950
2452	1726	948
2702	1722	932
2932	1715	930
3165	1720	927
3388	1726	926
3618	1727	926
3847	1727	928
73	2194	977
124	2187	976
175	2161	974
360	2101	982
722	2066	983
1057	2043	982
1374	2016	981
1654	1995	982
1921	1980	978
2183	1972	969
2436	1970	964
2694	1966	957
2924	1966	955
3159	1966	953
3383	1969	954
3611	1972	957
3844	1978	958
84	2430	1012
130	2424	1012
180	2396	1028
359	2365	1025
698	2338	1021
1021	2312	1017
1371	2286	1013
1645	2267	1007
1907	2254	1003
2174	2243	996
2446	2238	991
2690	2233	986
2922	2234	986
3157	2234	987
3379	2236	991
3611	2241	993
3840	2245	1000
134	2648	1052
150	2644	1052
218	2629	1051
371	2604	1049
706	2587	1047
1043	2569	1045
1367	2552	1042
1660	2536	1039
1919	2525	1036
2184	2519	1030
2439	2514	1026
2693	2511	1025
2928	2513	1028
3161	2512	1018
3383	2512	1008
3612	2514	1039
3841	2517	1025
213	2878	1077
234	2875	1077
308	2865	1076
448	2846	1075
722	2831	1075
1077	2815	1073
1378	2799	1071
1682	2787	1072
1940	2778	1069
2202	2771	1065
2456	2768	1063
2693	2766	1063
2935	2765	1036
3170	2765	1047
3390	2764	1026
3613	2771	1014
3852	2771	988
328	3110	1109
348	3108	1109
418	3099	1108
548	3083	1108
752	3068	1108
1113	3056	1108
1400	3043	1105
1681	3032	1101
1970	3025	1103
2227	3017	1100
2478	3014	1100
2712	3014	1089
2944	3012	1044
3181	3015	1022
3404	3015	1018
3641	3016	988
3883	3014	903
348	3333	1144
360	3331	1144
452	3324	1144
591	3315	1144
765	3299	1145
1149	3287	1144
1447	3277	1144
1730	3267	1142
1981	3264	1076
2247	3260	1067
2488	3258	1085
2717	3259	1060
2950	3261	1023
3178	3263	970
3418	3261	900
3659	3258	807
3872	3269	765
351	3573	1116
372	3572	1116
482	3570	1113
633	3563	1109
778	3549	1104
1087	3535	1097
1361	3528	1087
1693	3519	1069
1950	3512	1048
2216	3508	1017
2468	3507	975
2706	3508	925
2941	3509	864
3178	3510	860
3383	3524	802
3690	3505	745
3935	3504	698
342	3829	1042
367	3828	1041
464	3825	1036
600	3821	1027
759	3816	1016
978	3802	997
1255	3790	973
1581	3779	940
1880	3774	904
2159	3773	917
2417	3772	860
2693	3770	829
2934	3769	796
3171	3767	813
3414	3765	776
3664	3763	730
3915	3758	691
210	4089	687
212	4090	688
218	4094	690
268	4095	691
518	4093	692
749	4085	712
1006	4069	765
1391	4055	847
1765	4045	798
2055	4041	784
2346	4040	809
2619	4037	816
2868	4032	792
3115	4027	764
3365	4025	740
3620	4021	714
3879	4015	671
301	161	1138
491	143	1181
835	125	1189
1179	86	1183
1373	72	1180
1589	66	1172
1795	64	1162
1995	61	1151
2211	64	1139
2438	66	1130
2657	73	1119
2876	85	1111
3080	99	1108
3275	123	1107
3473	157	1105
3680	180	1117
3925	204	1097
221	345	1171
387	417	1203
677	385	1242
1136	280	1226
1349	230	1213
1588	193	1198
1732	168	1182
1950	153	1168
2172	148	1153
2452	142	1139
2664	149	1125
2877	161	1115
3076	183	1109
3265	213	1109
3463	234	1106
3675	240	1119
3920	234	1098
115	799	1205
253	691	1226
365	666	1225
822	474	1216
1141	388	1205
1420	327	1193
1668	279	1179
1906	245	1166
2133	231	1152
2376	219	1139
2608	225	1126
2843	236	1117
3058	268	1111
3247	302	1110
3417	334	1111
3633	365	1126
3903	339	1101
91	1094	1211
189	1037	1222
286	980	1221
692	798	1212
994	727	1204
1331	650	1192
1569	606	1177
1810	572	1163
2045	540	1148
2296	516	1133
2539	490	1123
2768	528	1116
2996	530	1114
3203	570	1114
3400	597	1122
3663	553	1101
3887	549	1093
78	1333	1210
169	1286	1217
256	1240	1213
560	1114	1207
938	1042	1201
1260	975	1190
1518	922	1181
1769	878	1170
2009	852	1153
2258	834	1138
2504	826	1128
2735	819	1125
2955	824	1122
3176	862	1126
3382	877	1134
3647	842	1108
3870	838	1100
69	1553	1209
149	1552	1212
228	1493	1209
494	1408	1203
856	1344	1200
1199	1288	1190
1476	1241	1184
1733	1201	1174
1986	1175	1166
2234	1163	1150
2482	1156	1141
2711	1153	1135
2934	1160	1136
3159	1174	1144
3403	1153	1119
3635	1153	1118
3858	1137	1113
60	1764	1206
131	1758	1207
196	1719	1208
464	1662	1207
819	1601	1201
1153	1559	1195
1441	1523	1188
1707	1491	1182
1966	1471	1176
2222	1461	1168
2468	1459	1158
2697	1450	1153
2935	1446	1142
3170	1454	1137
3392	1449	1135
3622	1451	1134
3849	1460	1132
68	1963	1200
133	1952	1200
183	1919	1200
399	1867	1204
764	1826	1203
1110	1795	1205
1423	1764	1198
1689	1742	1195
1950	1728	1191
2210	1718	1187
2463	1717	1182
2700	1716	1165
2924	1716	1157
3161	1718	1155
3383	1721	1153
3613	1726	1154
3843	1726	1152
76	2185	1205
131	2178	1205
175	2154	1204
378	2099	1208
721	2062	1210
1042	2034	1211
1397	2004	1212
1676	1982	1210
1941	1969	1209
2203	1963	1203
2449	1959	1193
2695	1959	1183
2918	1963	1175
3155	1964	1175
3378	1966	1175
3608	1969	1176
3840	1972	1176
85	2426	1231
134	2420	1231
184	2394	1240
356	2363	1238
705	2332	1233
1033	2308	1228
1364	2282	1227
1650	2260	1227
1917	2244	1221
2185	2234	1217
2452	2230	1210
2690	2229	1204
2917	2231	1201
3151	2230	1200
3375	2233	1201
3607	2239	1204
3835	2241	1208
133	2645	1260
150	2641	1260
221	2627	1259
372	2605	1257
690	2584	1255
1035	2567	1251
1363	2548	1249
1652	2531	1244
1914	2522	1243
2179	2516	1238
2434	2511	1232
2688	2508	1230
2921	2507	1229
3156	2509	1229
3378	2509	1235
3608	2511	1239
3840	2514	1246
214	2878	1285
234	2875	1285
308	2865	1285
463	2845	1284
714	2829	1281
1059	2811	1278
1373	2797	1275
1677	2782	1274
1934	2773	1269
2197	2769	1268
2451	2764	1264
2686	2762	1263
2929	2760	1263
3165	2761	1265
3387	2763	1240
3612	2768	1219
3848	2767	1241
333	3108	1312
353	3105	1312
424	3097	1312
554	3081	1312
739	3065	1312
1094	3052	1311
1392	3040	1308
1680	3030	1307
1964	3019	1305
2225	3015	1302
2472	3011	1301
2705	3010	1294
2940	3010	1245
3172	3011	1227
3401	3013	1235
3638	3013	1198
3880	3011	1134
342	3330	1341
374	3329	1341
440	3323	1341
593	3313	1340
757	3297	1341
1146	3283	1340
1439	3273	1339
1728	3265	1336
1978	3263	1279
2243	3260	1265
2485	3258	1284
2710	3256	1258
2944	3258	1227
3173	3259	1188
3412	3260	1136
3657	3258	1071
3905	3256	961
340	3569	1318
366	3569	1318
456	3566	1316
631	3561	1311
774	3547	1307
1075	3533	1301
1404	3523	1287
1688	3515	1272
1945	3510	1253
2210	3507	1228
2461	3505	1196
2700	3507	1160
2935	3506	1114
3172	3509	1052
3410	3507	959
3658	3504	906
3909	3504	816
327	3826	1252
353	3825	1251
447	3823	1248
588	3819	1242
757	3812	1233
960	3801	1217
1219	3789	1198
1587	3779	1175
1870	3775	1147
2149	3772	1110
2372	3778	995
2654	3772	960
2906	3770	1011
3153	3766	965
3396	3763	915
3648	3761	876
3921	3759	780
218	4086	1018
220	4088	1018
223	4092	1017
260	4095	1014
414	4095	1013
679	4089	1002
957	4075	986
1358	4057	969
1715	4044	943
2052	4037	914
2346	4034	933
2627	4030	951
2888	4027	930
3105	4031	874
3357	4033	838
3612	4029	795
3872	4023	744
348	184	1362
458	200	1394
766	175	1419
1074	127	1418
1263	126	1415
1559	79	1410
1775	77	1401
1980	76	1394
2198	79	1385
2427	75	1375
2647	81	1366
2861	97	1359
3068	101	1356
3267	127	1354
3464	162	1351
3674	185	1354
3922	208	1337
265	330	1398
367	399	1424
599	412	1442
1005	301	1475
1194	249	1459
1486	207	1446
1724	169	1429
1940	161	1415
2163	156	1401
2445	150	1387
2657	155	1374
2866	169	1364
3065	188	1357
3256	209	1354
3455	227	1351
3668	232	1355
3919	236	1337
184	748	1435
258	691	1454
343	635	1465
792	476	1458
1126	372	1449
1414	336	1436
1673	272	1424
1901	246	1412
2129	233	1400
2373	224	1386
2602	230	1374
2833	242	1365
3047	274	1358
3239	303	1354
3407	334	1351
3672	364	1349
3903	340	1339
113	1084	1436
218	1027	1447
280	970	1453
658	807	1450
970	734	1442
1298	644	1430
1555	605	1418
1800	574	1405
2040	535	1393
2291	518	1380
2531	492	1369
2759	510	1362
2988	532	1356
3192	580	1355
3392	582	1358
3657	548	1346
3881	532	1336
100	1319	1443
178	1285	1450
256	1251	1452
536	1109	1449
904	1041	1442
1234	965	1433
1509	915	1425
1757	883	1413
2000	853	1397
2253	838	1383
2499	827	1373
2727	819	1367
2945	828	1363
3169	865	1363
3412	857	1354
3640	833	1352
3867	833	1346
88	1530	1445
154	1537	1450
220	1488	1448
492	1414	1446
838	1340	1439
1191	1286	1433
1466	1234	1423
1727	1197	1416
1978	1172	1407
2229	1161	1392
2478	1153	1383
2705	1150	1375
2925	1155	1372
3148	1170	1375
3397	1150	1362
3629	1145	1358
3857	1151	1357
84	1743	1446
142	1742	1448
200	1701	1446
453	1661	1443
812	1600	1441
1148	1556	1433
1438	1519	1427
1702	1491	1423
1958	1470	1415
2220	1458	1407
2468	1456	1398
2695	1446	1390
2929	1443	1378
3162	1451	1375
3387	1447	1371
3616	1449	1370
3844	1456	1364
80	1949	1440
139	1940	1441
188	1906	1441
414	1853	1444
765	1824	1445
1109	1792	1439
1420	1765	1436
1686	1740	1431
1945	1726	1426
2207	1715	1420
2466	1709	1417
2703	1705	1402
2921	1707	1390
3154	1716	1388
3377	1716	1384
3608	1724	1385
3838	1725	1382
84	2176	1437
137	2167	1437
175	2135	1438
386	2089	1443
702	2053	1446
1046	2026	1448
1418	1997	1447
1683	1977	1444
1941	1965	1441
2208	1956	1434
2459	1950	1428
2704	1951	1418
2924	1956	1410
3147	1961	1401
3373	1964	1400
3603	1969	1402
3835	1971	1401
87	2422	1454
139	2417	1453
188	2393	1458
365	2360	1455
690	2334	1454
1046	2303	1455
1395	2274	1458
1674	2248	1455
1941	2232	1454
2208	2222	1448
2472	2219	1442
2705	2218	1435
2924	2221	1427
3147	2227	1420
3369	2232	1421
3602	2236	1422
3832	2241	1426
112	2652	1462
149	2640	1472
234	2626	1471
376	2603	1469
679	2583	1468
1005	2569	1468
1354	2548	1463
1655	2528	1462
1925	2515	1460
2195	2505	1456
2454	2504	1456
2700	2500	1450
2925	2503	1447
3150	2507	1442
3373	2508	1444
3606	2513	1449
3835	2515	1451
218	2875	1491
238	2872	1490
310	2862	1490
463	2844	1490
708	2827	1488
1042	2814	1486
1347	2797	1484
1641	2783	1480
1930	2773	1477
2192	2768	1475
2447	2764	1472
2683	2762	1470
2927	2760	1470
3158	2760	1468
3383	2763	1474
3609	2767	1478
3847	2766	1448
331	3106	1512
358	3104	1512
426	3096	1512
550	3081	1511
736	3066	1511
1097	3053	1510
1384	3040	1506
1678	3029	1506
1958	3019	1503
2219	3014	1499
2470	3011	1498
2702	3010	1499
2936	3010	1496
3169	3008	1454
3396	3012	1452
3635	3010	1417
3876	3009	1371
336	3329	1541
387	3328	1541
438	3323	1540
588	3311	1539
752	3293	1536
1110	3286	1537
1421	3275	1536
1719	3266	1533
1974	3262	1513
2237	3257	1485
2478	3258	1486
2705	3254	1466
2939	3256	1442
3167	3257	1414
3407	3257	1375
3652	3255	1324
3899	3254	1244
334	3566	1517
361	3565	1517
450	3562	1516
626	3558	1513
768	3548	1510
1037	3533	1504
1358	3523	1493
1663	3517	1483
1940	3509	1467
2204	3506	1448
2454	3505	1424
2691	3502	1393
2928	3504	1360
3165	3505	1314
3407	3506	1245
3654	3503	1209
3900	3500	1165
309	3825	1470
339	3825	1469
438	3823	1466
579	3818	1463
751	3809	1455
949	3801	1445
1232	3787	1430
1568	3778	1412
1865	3773	1391
2144	3771	1360
2368	3775	1279
2646	3771	1256
2900	3768	1226
3148	3766	1195
3392	3764	1159
3641	3761	1112
3891	3756	1060
215	4082	1303
216	4083	1303
221	4087	1303
246	4093	1303
399	4095	1301
673	4086	1293
956	4071	1280
1338	4056	1263
1720	4045	1242
2043	4037	1221
2338	4033	1197
2620	4030	1168
2879	4026	1133
3132	4025	1093
3376	4023	1047
3629	4020	979
3879	4013	895
396	224	1585
425	257	1609
578	225	1648
1007	166	1649
1192	156	1648
1539	97	1641
1751	95	1637
1958	94	1628
2181	90	1620
2415	85	1611
2637	92	1604
2854	111	1599
3052	111	1594
3255	133	1589
3454	175	1588
3667	196	1588
3922	216	1578
281	347	1637
359	478	1647
521	439	1678
902	332	1715
1136	254	1697
1472	221	1679
1718	186	1667
1928	174	1651
2197	165	1639
2433	158	1626
2649	165	1615
2859	179	1605
3048	200	1595
3244	216	1589
3445	221	1589
3662	225	1588
3917	245	1578
222	723	1666
263	698	1685
363	652	1708
745	499	1699
1081	380	1688
1404	346	1679
1684	281	1668
1898	255	1653
2119	240	1640
2364	231	1626
2597	236	1615
2828	250	1605
3032	289	1596
3226	310	1591
3399	394	1586
3667	369	1585
3901	348	1579
131	1067	1659
225	1010	1670
286	987	1685
613	820	1681
948	737	1675
1286	658	1666
1546	610	1657
1791	581	1644
2033	545	1631
2285	518	1618
2523	509	1607
2754	516	1598
2979	544	1592
3175	589	1588
3383	568	1592
3650	553	1581
3883	529	1577
116	1290	1668
188	1257	1675
260	1224	1683
512	1141	1680
865	1064	1673
1230	979	1666
1492	932	1657
1745	885	1644
1991	864	1632
2243	846	1617
2493	830	1609
2722	817	1603
2938	835	1596
3154	868	1593
3406	838	1592
3635	835	1584
3864	834	1581
103	1516	1676
165	1520	1681
227	1482	1683
480	1416	1680
826	1340	1674
1182	1290	1669
1462	1241	1662
1722	1200	1654
1971	1177	1641
2220	1165	1627
2469	1156	1615
2701	1154	1609
2922	1160	1606
3168	1139	1599
3393	1147	1597
3624	1142	1593
3853	1144	1588
100	1736	1678
159	1738	1681
221	1701	1680
454	1662	1680
786	1602	1674
1126	1561	1668
1434	1523	1663
1698	1494	1657
1952	1471	1648
2214	1457	1640
2462	1452	1630
2691	1448	1620
2925	1446	1611
3157	1450	1607
3381	1453	1602
3610	1452	1599
3844	1461	1599
97	1938	1677
153	1933	1678
209	1900	1679
429	1857	1680
757	1825	1675
1091	1796	1671
1413	1768	1668
1683	1743	1663
1942	1726	1655
2200	1716	1649
2470	1705	1644
2705	1702	1635
2924	1704	1625
3147	1715	1614
3373	1717	1612
3603	1718	1609
3837	1729	1612
98	2168	1672
154	2157	1672
206	2122	1673
391	2079	1675
722	2049	1680
1049	2024	1677
1395	2001	1676
1680	1980	1673
1936	1967	1668
2201	1956	1660
2454	1952	1655
2711	1948	1650
2928	1951	1640
3148	1956	1628
3367	1966	1625
3599	1971	1624
3832	1978	1625
105	2420	1675
145	2415	1675
216	2392	1677
375	2357	1679
693	2327	1682
1049	2300	1685
1411	2268	1687
1688	2246	1685
1945	2229	1678
2207	2220	1672
2474	2214	1666
2713	2210	1662
2935	2214	1657
3154	2219	1646
3366	2233	1642
3597	2238	1640
3830	2244	1643
112	2651	1682
172	2640	1687
247	2627	1686
380	2604	1685
689	2587	1686
1027	2567	1686
1371	2545	1687
1682	2524	1688
1951	2508	1686
2222	2498	1684
2476	2494	1681
2720	2493	1677
2941	2494	1672
3160	2497	1664
3373	2507	1660
3599	2512	1659
3833	2520	1665
214	2876	1701
234	2873	1701
317	2863	1701
475	2845	1700
691	2828	1699
1041	2812	1697
1365	2797	1695
1665	2783	1692
1939	2769	1692
2213	2760	1692
2470	2756	1690
2706	2753	1690
2942	2753	1687
3165	2753	1681
3382	2762	1682
3604	2767	1679
3848	2768	1660
330	3107	1717
350	3105	1717
413	3097	1717
540	3082	1717
723	3066	1718
1065	3055	1717
1380	3042	1714
1659	3033	1712
1957	3020	1708
2215	3013	1704
2464	3011	1702
2702	3012	1705
2931	3006	1695
3164	3009	1682
3391	3011	1663
3631	3011	1639
3878	3013	1608
337	3331	1739
364	3330	1739
426	3327	1739
569	3320	1738
740	3297	1737
1074	3288	1739
1373	3277	1736
1703	3266	1730
1969	3264	1716
2232	3259	1706
2474	3258	1693
2701	3257	1678
2931	3255	1659
3161	3256	1638
3401	3256	1608
3649	3257	1571
3898	3255	1512
317	3571	1725
356	3570	1725
440	3567	1724
611	3563	1722
757	3558	1719
1069	3537	1713
1338	3527	1707
1659	3518	1696
1933	3510	1682
2196	3507	1668
2441	3505	1648
2684	3502	1626
2920	3502	1599
3158	3504	1564
3397	3505	1516
3648	3501	1488
3896	3500	1457
280	3825	1688
348	3824	1687
416	3822	1686
567	3817	1684
741	3812	1678
945	3805	1671
1203	3790	1660
1550	3780	1645
1836	3773	1626
2127	3767	1603
2362	3772	1544
2641	3769	1525
2893	3767	1505
3139	3763	1479
3384	3761	1452
3635	3759	1417
3883	3754	1378
222	4074	1565
223	4075	1566
229	4079	1566
231	4087	1568
384	4090	1564
677	4079	1557
965	4069	1550
1318	4053	1540
1715	4043	1521
2035	4037	1504
2330	4030	1484
2618	4027	1460
2870	4025	1434
3121	4019	1401
3367	4017	1368
3619	4014	1327
3871	4013	1270
358	265	1803
412	305	1829
528	268	1873
940	228	1873
1147	177	1875
1500	127	1872
1728	115	1869
1940	113	1861
2172	110	1854
2397	100	1844
2624	108	1835
2839	118	1828
3041	132	1825
3243	147	1818
3438	184	1809
3686	207	1809
3912	230	1801
296	364	1876
353	489	1899
472	423	1948
800	373	1938
1131	259	1925
1451	244	1912
1692	216	1899
1960	184	1885
2189	178	1874
2413	169	1861
2638	175	1850
2851	189	1836
3038	215	1827
3234	222	1818
3431	225	1809
3681	236	1810
3909	257	1801
244	698	1896
285	674	1914
371	650	1949
687	518	1942
1003	407	1930
1403	361	1918
1657	318	1906
1901	256	1891
2108	246	1879
2351	238	1863
2595	242	1849
2823	260	1835
3020	302	1827
3215	316	1819
3385	406	1804
3664	375	1810
3896	358	1803
157	1031	1890
243	994	1902
293	989	1925
589	880	1920
883	762	1913
1284	668	1901
1538	631	1894
1783	584	1879
2025	555	1867
2276	528	1852
2513	519	1838
2746	530	1825
2956	561	1816
3163	600	1811
3370	587	1808
3642	565	1806
3872	546	1801
138	1285	1890
200	1291	1898
263	1262	1910
541	1154	1905
828	1097	1900
1199	996	1892
1479	946	1884
1732	902	1873
1985	874	1864
2235	849	1849
2484	835	1838
2712	823	1826
2927	851	1820
3145	884	1819
3396	838	1813
3626	839	1808
3855	833	1803
118	1525	1900
182	1528	1905
245	1502	1911
494	1417	1908
808	1356	1905
1145	1303	1898
1449	1251	1890
1708	1215	1882
1956	1190	1868
2210	1171	1853
2457	1158	1837
2691	1149	1829
2911	1173	1828
3163	1149	1828
3384	1139	1818
3614	1149	1815
3845	1150	1812
110	1729	1908
176	1731	1912
241	1700	1915
482	1655	1912
785	1605	1906
1130	1564	1902
1429	1523	1894
1694	1496	1888
1949	1474	1878
2203	1463	1867
2454	1448	1855
2683	1450	1843
2918	1452	1839
3149	1455	1833
3371	1444	1823
3603	1453	1821
3835	1465	1819
108	1930	1911
169	1930	1913
230	1898	1913
467	1859	1910
753	1824	1904
1091	1799	1904
1404	1771	1898
1680	1745	1892
1939	1730	1885
2197	1719	1878
2464	1704	1872
2700	1690	1862
2917	1706	1851
3141	1718	1839
3362	1716	1831
3597	1721	1832
3827	1731	1831
107	2158	1907
172	2148	1907
237	2115	1908
446	2073	1909
737	2046	1908
1068	2025	1907
1410	1999	1902
1676	1983	1902
1933	1970	1897
2196	1959	1888
2456	1951	1880
2703	1946	1874
2927	1949	1867
3147	1955	1855
3357	1967	1844
3592	1972	1844
3821	1972	1841
110	2413	1908
177	2407	1908
243	2386	1908
424	2351	1911
727	2321	1911
1075	2292	1916
1419	2268	1915
1683	2248	1910
1940	2232	1904
2201	2220	1896
2465	2213	1889
2708	2210	1886
2936	2209	1883
3156	2214	1872
3366	2225	1864
3589	2240	1856
3822	2240	1856
114	2652	1906
194	2642	1909
273	2629	1908
443	2604	1907
699	2581	1909
1070	2562	1915
1393	2539	1917
1690	2521	1921
1961	2506	1915
2222	2496	1908
2472	2491	1903
2717	2489	1899
2945	2487	1896
3170	2491	1891
3380	2500	1882
3599	2511	1876
3824	2516	1875
210	2877	1919
231	2875	1919
303	2865	1918
486	2849	1918
717	2828	1917
1066	2813	1914
1342	2798	1916
1682	2779	1920
1971	2764	1921
2240	2752	1919
2495	2744	1916
2731	2743	1916
2960	2742	1911
3181	2746	1907
3392	2752	1901
3609	2764	1894
3838	2766	1870
327	3110	1934
346	3108	1934
414	3099	1934
529	3087	1934
734	3068	1933
1034	3055	1929
1363	3045	1929
1662	3031	1923
1952	3021	1924
2234	3010	1924
2491	3003	1923
2725	3000	1924
2954	2999	1919
3185	3002	1905
3401	3006	1884
3629	3011	1859
3869	3009	1829
338	3332	1950
354	3330	1950
427	3325	1950
556	3319	1950
773	3303	1949
1053	3288	1948
1341	3279	1946
1683	3271	1932
1963	3265	1927
2227	3261	1919
2459	3256	1906
2694	3257	1896
2926	3257	1880
3156	3258	1860
3395	3259	1835
3642	3258	1803
3891	3254	1757
326	3573	1940
363	3573	1940
429	3570	1938
584	3562	1936
748	3556	1935
1060	3539	1929
1318	3529	1923
1642	3522	1916
1918	3512	1903
2188	3510	1890
2434	3507	1874
2677	3505	1854
2914	3505	1831
3151	3506	1800
3389	3503	1766
3641	3503	1749
3888	3497	1722
315	3828	1910
356	3828	1910
397	3826	1909
551	3822	1907
722	3816	1901
930	3808	1895
1188	3793	1886
1528	3784	1874
1829	3777	1859
2116	3772	1838
2352	3774	1793
2636	3770	1779
2885	3766	1762
3133	3764	1741
3373	3758	1717
3627	3758	1694
3879	3754	1664
229	4075	1818
231	4076	1819
237	4081	1820
250	4089	1821
380	4095	1815
665	4084	1809
958	4073	1802
1319	4056	1792
1705	4046	1779
2026	4037	1765
2324	4033	1749
2607	4026	1729
2860	4022	1706
3111	4018	1684
3358	4017	1656
3612	4014	1625
3867	4013	1590
320	306	2023
399	313	2046
478	313	2109
852	245	2109
1184	200	2106
1482	154	2104
1702	138	2099
1915	137	2094
2150	123	2087
2383	119	2078
2614	124	2073
2826	136	2063
3027	149	2058
3229	162	2050
3426	200	2039
3677	213	2036
3900	244	2031
307	414	2098
348	427	2111
459	441	2179
755	391	2172
1127	316	2158
1432	266	2146
1737	236	2134
1937	200	2123
2165	187	2110
2398	184	2098
2628	190	2090
2834	204	2073
3024	231	2060
3220	240	2050
3420	230	2039
3672	242	2037
3898	273	2031
251	683	2132
310	694	2151
379	646	2206
672	538	2196
1072	433	2181
1362	377	2168
1670	332	2153
1867	264	2136
2099	252	2120
2345	249	2103
2583	256	2089
2813	273	2072
3006	313	2061
3203	327	2052
3372	411	2030
3655	382	2037
3885	371	2031
181	951	2129
263	960	2141
345	959	2177
565	838	2168
870	787	2161
1241	680	2149
1517	625	2135
1776	590	2120
2017	563	2103
2264	538	2086
2505	534	2074
2738	546	2060
2940	579	2049
3153	609	2041
3356	592	2033
3632	576	2037
3857	561	2031
155	1269	2124
230	1272	2133
304	1247	2154
542	1141	2148
844	1080	2143
1168	985	2135
1455	937	2124
1723	905	2112
1974	870	2096
2228	855	2085
2477	847	2074
2705	843	2060
2917	874	2051
3136	880	2044
3389	838	2047
3620	829	2042
3845	848	2033
132	1519	2124
198	1521	2131
264	1501	2143
519	1418	2139
774	1361	2133
1128	1308	2127
1411	1254	2118
1688	1225	2108
1944	1195	2094
2197	1183	2082
2452	1171	2071
2687	1170	2063
2902	1184	2054
3157	1150	2058
3375	1143	2050
3606	1140	2047
3834	1158	2037
121	1724	2138
188	1726	2143
256	1706	2147
489	1650	2143
763	1607	2141
1125	1565	2137
1416	1526	2131
1682	1502	2121
1934	1480	2106
2190	1467	2094
2441	1460	2079
2673	1470	2068
2913	1453	2068
3143	1455	2062
3365	1450	2055
3594	1462	2050
3825	1463	2045
119	1921	2146
189	1924	2149
243	1896	2150
475	1850	2147
741	1824	2145
1072	1796	2140
1404	1771	2137
1674	1745	2129
1934	1729	2120
2195	1719	2111
2457	1710	2105
2691	1704	2093
2910	1712	2078
3136	1721	2069
3357	1721	2063
3588	1724	2057
3816	1731	2053
119	2153	2149
190	2144	2150
261	2113	2150
452	2072	2151
735	2044	2147
1071	2024	2144
1397	2003	2145
1670	1983	2139
1929	1969	2131
2192	1958	2123
2453	1952	2116
2700	1948	2110
2920	1949	2098
3143	1957	2086
3353	1966	2072
3580	1968	2066
3813	1972	2067
120	2405	2152
199	2399	2153
278	2380	2149
440	2342	2150
773	2317	2153
1102	2293	2154
1413	2270	2151
1676	2246	2143
1937	2232	2139
2199	2221	2131
2465	2216	2126
2704	2211	2120
2929	2206	2112
3155	2213	2105
3366	2223	2093
3584	2237	2082
3812	2245	2079
124	2648	2144
207	2639	2144
289	2622	2144
458	2599	2145
734	2575	2149
1094	2556	2156
1400	2534	2158
1696	2516	2153
1959	2506	2149
2219	2499	2143
2468	2492	2136
2715	2489	2130
2940	2486	2125
3171	2488	2124
3384	2494	2115
3598	2503	2104
3816	2512	2096
215	2876	2149
235	2873	2149
302	2862	2148
494	2844	2146
754	2826	2146
1079	2809	2152
1391	2791	2156
1715	2771	2160
1987	2756	2160
2246	2748	2153
2496	2746	2151
2721	2741	2145
2958	2740	2142
3187	2742	2141
3404	2745	2136
3615	2754	2121
3839	2761	2097
325	3109	2162
344	3107	2162
412	3098	2161
530	3086	2160
775	3068	2158
1068	3055	2157
1385	3042	2152
1681	3027	2156
1984	3013	2160
2264	3001	2162
2522	2996	2165
2749	2991	2163
2976	2993	2157
3203	2994	2143
3419	2997	2125
3643	3000	2097
3871	3004	2065
347	3333	2178
357	3331	2178
435	3324	2177
573	3314	2176
787	3305	2175
1062	3290	2175
1372	3279	2170
1686	3273	2158
1963	3266	2153
2225	3259	2147
2480	3254	2143
2718	3251	2136
2952	3250	2123
3179	3249	2105
3412	3249	2080
3649	3252	2049
3882	3250	2004
368	3576	2170
369	3575	2170
418	3573	2169
566	3568	2168
769	3555	2165
1051	3542	2158
1287	3530	2153
1645	3521	2145
1910	3513	2134
2178	3512	2124
2429	3508	2107
2670	3507	2090
2906	3506	2068
3142	3504	2041
3380	3506	2021
3627	3498	2000
3877	3494	1979
349	3833	2146
363	3833	2146
377	3830	2145
522	3826	2143
700	3822	2139
898	3806	2131
1182	3792	2120
1537	3784	2110
1831	3779	2096
2065	3781	2058
2345	3777	2046
2629	3772	2033
2879	3768	2017
3122	3761	1996
3365	3759	1977
3616	3755	1956
3869	3752	1929
251	4075	2068
252	4076	2068
260	4081	2070
278	4090	2073
372	4095	2068
650	4091	2063
920	4078	2057
1307	4057	2046
1696	4048	2036
2017	4040	2022
2314	4035	2009
2598	4028	1990
2851	4023	1971
3103	4020	1949
3347	4017	1926
3603	4016	1899
3852	4010	1868
350	346	2261
410	352	2284
470	358	2362
763	343	2370
1150	237	2368
1456	188	2364
1672	165	2362
1893	156	2355
2133	147	2347
2367	144	2336
2605	149	2332
2817	159	2323
3015	172	2317
3217	179	2304
3416	202	2291
3670	219	2289
3891	261	2282
318	463	2336
358	478	2357
446	459	2415
710	433	2420
1078	345	2413
1388	296	2404
1709	252	2395
1916	219	2384
2144	206	2371
2381	204	2358
2619	207	2351
2825	226	2335
3012	254	2319
3208	281	2304
3410	283	2291
3665	305	2289
3888	288	2282
276	686	2389
335	697	2406
422	621	2464
657	555	2462
982	452	2450
1320	405	2436
1650	345	2420
1868	282	2403
2083	265	2386
2333	264	2366
2582	265	2351
2799	292	2333
2995	336	2320
3157	374	2285
3358	382	2274
3647	391	2289
3876	384	2282
234	910	2385
316	917	2397
398	940	2439
562	884	2436
866	801	2429
1213	693	2415
1494	639	2401
1759	609	2386
2007	571	2366
2256	549	2346
2496	557	2330
2724	566	2312
2930	604	2301
3138	631	2286
3397	597	2298
3624	617	2290
3854	575	2283
166	1233	2383
264	1240	2392
315	1244	2421
534	1161	2416
825	1098	2408
1142	1012	2399
1455	949	2389
1719	914	2376
1969	880	2358
2220	865	2341
2467	858	2326
2696	863	2312
2911	890	2301
3127	894	2291
3383	849	2302
3610	844	2293
3839	859	2288
133	1503	2381
213	1506	2387
294	1502	2404
506	1434	2400
739	1376	2393
1101	1327	2386
1415	1276	2377
1684	1237	2368
1937	1204	2353
2192	1183	2338
2445	1181	2324
2679	1183	2313
2896	1198	2305
3151	1158	2312
3371	1146	2303
3597	1151	2297
3827	1171	2290
132	1728	2384
208	1730	2389
284	1717	2397
497	1666	2395
726	1617	2389
1089	1584	2387
1394	1546	2379
1662	1520	2369
1921	1488	2356
2174	1480	2338
2430	1476	2326
2683	1460	2330
2910	1465	2324
3137	1459	2315
3360	1458	2306
3587	1460	2300
3818	1472	2296
127	1923	2397
202	1925	2400
275	1905	2402
482	1866	2398
729	1838	2398
1053	1806	2396
1396	1779	2393
1666	1755	2386
1925	1737	2375
2183	1724	2369
2443	1720	2355
2680	1717	2341
2903	1727	2332
3130	1724	2321
3352	1724	2313
3581	1730	2307
3811	1738	2305
128	2154	2407
196	2146	2407
281	2116	2407
470	2083	2405
734	2058	2405
1044	2029	2400
1395	2009	2402
1664	1990	2399
1922	1974	2389
2188	1962	2381
2442	1954	2372
2695	1954	2365
2916	1960	2353
3134	1962	2334
3348	1970	2321
3575	1975	2316
3808	1980	2316
130	2403	2413
206	2398	2413
287	2382	2406
455	2350	2406
734	2323	2411
1070	2301	2409
1405	2276	2408
1674	2254	2401
1933	2235	2394
2198	2224	2387
2460	2218	2381
2701	2216	2375
2928	2214	2370
3151	2215	2357
3362	2227	2343
3579	2241	2332
3808	2253	2326
140	2644	2406
216	2637	2402
293	2620	2402
473	2599	2404
753	2576	2408
1096	2557	2415
1389	2539	2412
1696	2522	2409
1953	2510	2402
2214	2499	2394
2469	2495	2388
2713	2492	2384
2939	2491	2380
3167	2490	2374
3383	2495	2368
3599	2506	2354
3815	2516	2345
219	2877	2398
240	2873	2398
305	2860	2399
504	2843	2401
800	2825	2404
1111	2807	2410
1416	2789	2414
1714	2771	2416
1982	2760	2411
2245	2751	2403
2493	2747	2398
2720	2746	2395
2958	2748	2394
3184	2745	2389
3405	2749	2387
3623	2752	2375
3848	2759	2353
326	3112	2408
345	3109	2408
413	3101	2407
536	3086	2405
819	3071	2404
1103	3055	2406
1407	3041	2411
1701	3025	2414
2012	3009	2417
2283	2999	2416
2527	2997	2413
2752	2998	2413
2971	2995	2402
3201	2995	2394
3425	2995	2383
3657	2993	2365
3884	2999	2335
347	3335	2421
364	3333	2421
444	3327	2420
590	3316	2419
805	3307	2419
1101	3292	2416
1404	3285	2410
1669	3278	2407
1973	3266	2408
2255	3254	2405
2511	3248	2405
2747	3248	2403
2977	3243	2394
3201	3242	2379
3432	3239	2357
3666	3240	2327
3899	3240	2287
368	3580	2419
383	3580	2419
424	3578	2419
546	3570	2416
790	3556	2413
1015	3546	2410
1255	3535	2404
1616	3524	2397
1898	3519	2389
2167	3514	2379
2428	3512	2369
2681	3507	2361
2925	3502	2346
3164	3498	2324
3401	3492	2306
3646	3488	2286
3885	3488	2262
355	3837	2404
366	3838	2404
393	3836	2404
502	3832	2401
672	3826	2398
872	3810	2392
1145	3799	2385
1486	3792	2377
1807	3785	2364
2059	3785	2334
2344	3779	2321
2623	3772	2305
2873	3769	2291
3117	3765	2275
3359	3760	2255
3606	3755	2231
3857	3752	2208
275	4076	2347
278	4077	2348
289	4082	2350
304	4090	2354
367	4095	2344
636	4093	2339
906	4080	2334
1280	4062	2325
1669	4052	2314
2009	4041	2299
2305	4033	2283
2583	4026	2265
2845	4026	2250
3094	4020	2228
3340	4019	2206
3589	4014	2181
3843	4012	2151
380	387	2501
421	414	2520
462	396	2586
655	377	2613
1113	290	2609
1376	237	2607
1641	201	2605
1878	182	2600
2111	179	2593
2341	169	2584
2586	174	2577
2799	182	2569
3003	191	2565
3205	201	2551
3405	218	2535
3662	235	2537
3881	280	2528
353	507	2564
408	508	2582
452	487	2638
642	475	2656
1049	398	2650
1340	321	2644
1668	268	2637
1893	238	2630
2124	233	2618
2355	231	2606
2602	235	2594
2805	251	2581
2999	273	2565
3198	293	2551
3399	311	2535
3657	314	2538
3876	309	2528
311	728	2636
388	686	2648
441	644	2698
710	572	2710
978	474	2699
1303	406	2684
1614	334	2669
1870	293	2651
2090	288	2636
2324	293	2616
2569	297	2596
2773	321	2578
2982	354	2563
3141	386	2528
3345	417	2516
3640	394	2539
3866	406	2529
262	949	2633
272	954	2643
405	921	2681
618	860	2686
832	797	2674
1209	718	2661
1499	655	2647
1756	615	2632
1999	582	2614
2243	574	2590
2487	579	2572
2706	596	2555
2915	633	2541
3128	652	2530
3391	628	2548
3617	629	2541
3845	599	2532
191	1232	2630
258	1244	2638
325	1242	2664
555	1142	2664
806	1084	2655
1157	1016	2644
1450	959	2633
1707	932	2622
1960	894	2604
2210	882	2584
2458	880	2568
2689	885	2555
2900	910	2542
3162	913	2561
3378	892	2549
3605	863	2541
3830	883	2534
174	1506	2627
237	1505	2633
300	1482	2654
494	1429	2649
714	1358	2638
1081	1324	2631
1411	1285	2623
1672	1245	2608
1929	1212	2595
2184	1204	2582
2439	1202	2567
2672	1197	2553
2887	1208	2543
3146	1174	2560
3366	1159	2551
3591	1173	2542
3821	1190	2536
142	1732	2624
216	1734	2629
289	1723	2641
485	1673	2636
705	1641	2629
1057	1591	2621
1382	1554	2614
1642	1525	2602
1910	1507	2591
2166	1496	2580
2425	1489	2565
2679	1472	2574
2905	1470	2568
3134	1466	2561
3354	1472	2552
3581	1482	2544
3811	1481	2539
135	1931	2630
210	1927	2633
284	1913	2636
471	1881	2632
685	1848	2630
1035	1817	2626
1371	1788	2619
1640	1765	2611
1904	1749	2599
2166	1736	2597
2429	1732	2586
2670	1730	2576
2896	1729	2570
3127	1731	2565
3347	1732	2554
3574	1739	2549
3805	1744	2545
138	2153	2642
205	2148	2643
290	2120	2642
489	2082	2639
706	2056	2638
1070	2036	2641
1358	2013	2640
1655	1993	2638
1916	1977	2630
2180	1969	2620
2433	1965	2609
2682	1964	2597
2900	1964	2581
3123	1972	2569
3343	1977	2561
3570	1978	2555
3803	1989	2554
141	2401	2656
211	2396	2657
295	2385	2648
477	2360	2649
764	2327	2648
1104	2302	2652
1395	2277	2648
1670	2255	2643
1932	2242	2638
2196	2232	2630
2457	2222	2621
2698	2218	2613
2920	2215	2603
3142	2226	2592
3352	2236	2577
3571	2248	2565
3801	2258	2561
148	2643	2654
222	2638	2647
317	2622	2648
485	2600	2649
772	2578	2652
1110	2558	2656
1410	2541	2652
1685	2526	2649
1955	2512	2641
2214	2503	2634
2465	2500	2629
2708	2496	2622
2936	2495	2617
3166	2498	2613
3378	2499	2601
3594	2511	2588
3813	2523	2580
229	2878	2644
251	2874	2644
329	2863	2645
500	2842	2646
803	2822	2647
1117	2807	2653
1434	2787	2657
1718	2773	2653
1989	2764	2650
2247	2757	2644
2492	2752	2637
2719	2750	2633
2954	2750	2628
3183	2752	2626
3396	2752	2618
3627	2754	2613
3848	2758	2592
323	3113	2644
342	3110	2644
422	3102	2643
538	3084	2643
843	3071	2645
1148	3054	2649
1459	3037	2654
1732	3022	2657
2029	3009	2657
2281	3003	2653
2529	3001	2649
2744	2998	2642
2969	2998	2637
3196	3000	2632
3418	2996	2621
3657	2993	2610
3888	2991	2588
357	3336	2653
373	3334	2653
428	3327	2652
592	3315	2650
807	3304	2649
1136	3296	2645
1412	3285	2646
1711	3275	2650
1998	3262	2653
2231	3253	2656
2528	3247	2652
2744	3245	2643
2971	3245	2635
3199	3244	2624
3429	3241	2609
3671	3237	2590
3912	3232	2563
385	3585	2655
404	3584	2655
419	3582	2654
558	3575	2653
770	3562	2650
999	3547	2647
1279	3538	2644
1637	3529	2639
1895	3523	2631
2180	3514	2629
2450	3505	2625
2704	3499	2621
2950	3494	2613
3188	3489	2598
3427	3482	2586
3672	3481	2573
3904	3477	2548
360	3835	2645
371	3837	2646
409	3839	2647
476	3834	2646
653	3830	2643
866	3820	2638
1108	3802	2631
1448	3795	2623
1787	3787	2612
2054	3786	2592
2332	3780	2581
2613	3773	2568
2878	3763	2562
3137	3759	2556
3381	3750	2540
3633	3748	2526
3878	3744	2505
301	4073	2607
303	4075	2608
311	4079	2610
324	4087	2614
361	4095	2603
625	4094	2600
906	4080	2594
1217	4064	2587
1664	4052	2579
1986	4042	2565
2297	4035	2553
2582	4030	2540
2836	4026	2525
3087	4023	2509
3330	4019	2491
3582	4016	2472
3833	4011	2449
410	425	2730
443	428	2746
476	470	2802
560	426	2845
962	382	2843
1367	277	2839
1598	249	2835
1863	222	2832
2086	208	2826
2317	200	2818
2569	191	2811
2793	213	2805
2994	218	2801
3190	224	2782
3405	237	2770
3655	250	2776
3870	303	2763
388	520	2783
440	538	2799
472	522	2855
706	520	2892
940	423	2885
1367	345	2876
1614	297	2869
1871	267	2860
2103	259	2850
2339	248	2838
2584	267	2829
2802	278	2817
2991	297	2801
3184	316	2783
3400	339	2770
3652	324	2776
3866	331	2763
360	699	2871
410	766	2885
460	667	2926
689	602	2953
918	496	2942
1271	413	2926
1605	345	2909
1830	313	2893
2068	310	2873
2310	312	2851
2559	329	2832
2773	343	2816
2977	375	2800
3128	408	2758
3409	441	2785
3639	397	2775
3852	430	2763
300	1008	2866
311	994	2878
412	938	2912
606	836	2930
800	798	2913
1201	725	2900
1493	658	2886
1741	645	2865
1990	606	2843
2238	605	2822
2473	605	2805
2701	630	2788
2906	658	2773
3118	672	2760
3387	658	2788
3617	640	2778
3834	616	2767
241	1225	2860
248	1222	2869
351	1243	2900
576	1152	2906
800	1095	2897
1120	1038	2886
1441	987	2870
1693	944	2853
1952	919	2837
2201	905	2816
2448	898	2802
2680	906	2787
2892	936	2771
3157	925	2797
3373	918	2786
3599	883	2779
3823	885	2768
218	1506	2857
267	1508	2863
316	1467	2888
503	1427	2891
691	1383	2877
1061	1328	2868
1402	1294	2858
1665	1253	2845
1925	1230	2830
2176	1221	2813
2428	1215	2799
2665	1218	2784
2915	1215	2805
3143	1185	2797
3361	1178	2787
3587	1189	2780
3814	1205	2770
183	1719	2856
229	1723	2861
303	1727	2879
494	1679	2875
686	1636	2863
1024	1593	2856
1378	1565	2849
1638	1530	2835
1904	1515	2823
2159	1506	2809
2414	1500	2795
2677	1474	2813
2901	1475	2803
3132	1475	2797
3351	1484	2788
3578	1495	2781
3804	1489	2772
177	1927	2857
200	1928	2861
292	1919	2867
475	1890	2860
676	1858	2858
1017	1826	2847
1338	1800	2839
1614	1778	2831
1875	1759	2837
2154	1744	2827
2417	1738	2820
2668	1734	2812
2893	1733	2804
3124	1734	2798
3343	1739	2789
3571	1746	2783
3799	1749	2777
171	2159	2864
214	2158	2867
298	2137	2866
480	2113	2860
696	2073	2865
1034	2051	2863
1339	2025	2862
1613	2006	2856
1890	1989	2850
2159	1980	2840
2419	1975	2829
2661	1973	2816
2887	1974	2804
3117	1978	2799
3340	1981	2793
3568	1987	2789
3798	1991	2783
181	2413	2888
216	2408	2888
304	2399	2875
484	2368	2876
716	2339	2878
1052	2313	2879
1383	2286	2878
1658	2263	2875
1924	2244	2868
2196	2233	2860
2453	2228	2849
2687	2224	2837
2908	2229	2826
3132	2238	2816
3344	2246	2801
3567	2257	2793
3797	2262	2790
201	2642	2888
249	2638	2877
340	2624	2878
498	2600	2880
762	2582	2883
1095	2563	2887
1385	2542	2886
1694	2523	2878
1949	2513	2873
2210	2505	2864
2463	2500	2857
2709	2499	2853
2934	2498	2846
3161	2499	2838
3369	2507	2825
3590	2519	2815
3796	2534	2800
245	2873	2876
267	2870	2876
376	2858	2878
502	2838	2880
783	2824	2884
1139	2806	2887
1441	2789	2891
1738	2773	2885
1989	2763	2879
2242	2758	2872
2494	2754	2867
2725	2753	2861
2953	2751	2856
3179	2752	2849
3398	2756	2845
3622	2755	2838
3847	2758	2823
333	3117	2875
354	3114	2875
430	3104	2876
538	3085	2877
821	3068	2880
1198	3052	2885
1476	3037	2891
1783	3020	2895
2036	3010	2887
2283	3003	2879
2528	3002	2876
2744	3001	2869
2970	3000	2865
3194	2998	2858
3418	3000	2856
3654	2993	2846
3891	2988	2835
368	3339	2879
389	3337	2879
435	3331	2879
593	3320	2878
788	3309	2877
1109	3298	2881
1420	3284	2883
1748	3270	2887
2018	3259	2891
2242	3252	2891
2522	3247	2883
2740	3248	2878
2966	3246	2871
3190	3245	2862
3426	3242	2852
3668	3238	2840
3914	3231	2835
402	3588	2885
410	3587	2884
427	3585	2884
530	3580	2883
755	3566	2882
982	3550	2879
1303	3541	2875
1615	3532	2872
1918	3519	2874
2201	3509	2875
2474	3501	2877
2720	3493	2873
2953	3494	2865
3184	3487	2851
3426	3486	2842
3670	3479	2828
3915	3476	2816
370	3835	2879
383	3836	2880
419	3840	2882
467	3838	2881
622	3832	2877
821	3824	2874
1080	3807	2871
1447	3799	2865
1729	3798	2850
2040	3789	2841
2339	3778	2835
2639	3766	2834
2908	3758	2832
3163	3746	2824
3414	3743	2820
3663	3738	2806
3907	3736	2789
338	4077	2863
340	4079	2864
350	4083	2866
364	4092	2870
368	4095	2856
608	4095	2854
895	4086	2847
1195	4066	2840
1642	4054	2831
1977	4043	2820
2279	4036	2809
2572	4033	2799
2826	4027	2783
3095	4019	2777
3352	4017	2771
3609	4008	2755
3860	4003	2738
463	459	2957
481	465	2971
506	488	3022
532	460	3078
907	431	3076
1274	340	3072
1537	307	3067
1840	258	3063
2079	244	3057
2296	231	3052
2540	209	3044
2778	232	3040
2993	233	3028
3186	271	3013
3421	273	3019
3642	275	3007
3867	331	2997
448	534	3005
477	554	3019
492	554	3069
600	541	3122
882	445	3115
1315	377	3108
1590	339	3099
1846	298	3090
2094	289	3082
2321	266	3073
2567	283	3061
2781	305	3049
2988	313	3028
3182	333	3013
3415	343	3019
3639	351	3007
3863	359	2998
410	671	3101
413	671	3114
478	670	3160
668	623	3190
857	511	3178
1240	414	3163
1525	371	3148
1824	361	3128
2074	346	3108
2310	353	3087
2548	357	3064
2751	378	3047
2971	392	3026
3117	471	2980
3403	452	3019
3628	439	3008
3849	457	2999
354	967	3097
352	972	3108
423	955	3146
597	844	3169
768	830	3150
1165	753	3132
1460	692	3114
1725	656	3093
1979	648	3074
2222	645	3053
2459	627	3032
2680	646	3015
2896	685	2996
3105	689	2980
3384	683	3022
3607	657	3011
3833	650	3004
267	1239	3092
268	1241	3101
354	1245	3132
526	1206	3151
699	1137	3131
1116	1054	3115
1399	999	3099
1679	954	3083
1944	943	3065
2191	938	3048
2436	923	3030
2667	936	3012
2882	937	2997
3154	888	3032
3371	884	3020
3593	903	3010
3821	906	3004
261	1499	3090
256	1503	3097
335	1524	3121
502	1466	3129
668	1413	3112
994	1335	3099
1348	1280	3088
1640	1266	3075
1911	1243	3057
2171	1233	3041
2419	1217	3027
2658	1240	3008
2912	1225	3038
3139	1196	3029
3359	1191	3020
3582	1211	3010
3813	1219	3004
225	1715	3088
243	1718	3093
320	1729	3111
490	1697	3110
660	1654	3096
994	1606	3089
1354	1574	3076
1630	1546	3065
1901	1528	3051
2158	1522	3038
2431	1496	3056
2675	1483	3046
2900	1487	3038
3129	1485	3028
3348	1499	3020
3573	1492	3010
3803	1493	3004
211	1926	3086
228	1928	3090
307	1926	3099
479	1908	3090
652	1881	3085
958	1834	3077
1331	1808	3067
1604	1787	3057
1881	1766	3070
2154	1755	3062
2411	1747	3054
2662	1742	3045
2891	1739	3035
3119	1741	3027
3342	1749	3020
3567	1752	3012
3798	1758	3009
197	2161	3108
236	2164	3112
293	2151	3113
481	2142	3093
668	2107	3091
984	2065	3087
1320	2040	3080
1585	2021	3074
1867	2002	3069
2146	1992	3062
2400	1987	3053
2662	1982	3042
2886	1981	3034
3115	1983	3029
3339	1988	3023
3563	1991	3015
3797	2000	3013
206	2417	3112
253	2417	3114
300	2410	3098
491	2381	3098
683	2356	3098
1010	2329	3097
1329	2304	3095
1615	2283	3091
1894	2263	3084
2173	2250	3077
2426	2245	3067
2662	2243	3055
2894	2245	3045
3117	2252	3033
3337	2257	3025
3565	2261	3019
3795	2268	3018
226	2649	3118
270	2646	3104
348	2633	3105
497	2613	3107
729	2597	3109
1044	2575	3108
1361	2553	3105
1673	2532	3104
1938	2521	3103
2211	2511	3099
2465	2504	3088
2697	2503	3079
2922	2505	3068
3146	2510	3055
3359	2519	3044
3576	2526	3032
3795	2540	3022
270	2879	3107
291	2876	3107
381	2867	3108
503	2852	3111
763	2834	3114
1086	2813	3115
1423	2794	3115
1721	2778	3115
1981	2766	3108
2237	2761	3101
2482	2756	3093
2719	2755	3089
2951	2754	3082
3179	2756	3076
3394	2757	3071
3613	2760	3061
3842	2763	3052
365	3117	3107
386	3114	3107
432	3106	3108
549	3088	3110
798	3069	3113
1159	3053	3116
1461	3037	3119
1751	3023	3120
2033	3011	3113
2280	3007	3109
2513	3005	3100
2741	3002	3097
2963	3001	3094
3194	3002	3093
3413	3000	3088
3652	2995	3085
3887	2991	3075
374	3342	3104
396	3341	3103
439	3341	3103
600	3330	3106
771	3312	3110
1083	3296	3113
1387	3284	3117
1736	3270	3122
2018	3259	3128
2278	3254	3124
2506	3251	3119
2736	3250	3114
2962	3248	3110
3186	3247	3103
3421	3243	3096
3664	3239	3088
3910	3232	3085
396	3589	3116
417	3588	3116
422	3585	3115
550	3581	3114
745	3570	3114
961	3555	3112
1280	3542	3112
1618	3530	3117
1919	3519	3123
2215	3507	3126
2481	3500	3128
2713	3496	3118
2944	3492	3109
3181	3490	3103
3419	3487	3093
3668	3483	3084
3910	3477	3071
376	3833	3126
388	3835	3115
405	3840	3118
458	3843	3121
592	3836	3118
789	3828	3114
1053	3815	3111
1327	3809	3102
1714	3799	3096
2054	3783	3094
2380	3772	3097
2664	3758	3096
2929	3749	3096
3171	3747	3089
3408	3740	3075
3658	3738	3064
3905	3735	3051
367	4073	3110
368	4074	3111
373	4078	3113
378	4086	3118
390	4095	3101
603	4095	3101
858	4085	3097
1179	4069	3090
1585	4056	3082
1949	4045	3071
2282	4039	3063
2567	4032	3057
2857	4022	3056
3126	4014	3054
3381	4005	3046
3641	3999	3037
3895	3996	3024
481	494	3183
509	503	3195
536	506	3240
558	505	3303
890	480	3303
1133	405	3299
1477	368	3296
1826	306	3290
2074	282	3286
2293	268	3280
2527	244	3275
2779	256	3268
2978	269	3258
3176	274	3239
3421	280	3249
3633	305	3239
3860	362	3226
472	555	3224
493	571	3237
508	585	3281
596	550	3344
839	514	3340
1193	446	3332
1522	368	3325
1828	358	3315
2085	332	3309
2311	294	3300
2537	312	3293
2778	325	3276
2975	358	3257
3171	364	3238
3418	371	3248
3630	380	3239
3855	389	3226
429	643	3322
470	756	3334
481	682	3377
634	675	3426
788	527	3413
1099	488	3395
1482	430	3374
1810	409	3354
2059	381	3335
2304	379	3314
2520	384	3293
2754	395	3273
2897	448	3216
3102	534	3200
3402	535	3248
3619	516	3238
3840	486	3226
386	932	3319
392	941	3329
435	970	3365
588	928	3405
714	897	3373
1059	797	3355
1441	696	3335
1688	682	3315
1956	687	3296
2203	685	3272
2440	670	3254
2673	699	3235
2885	713	3216
3166	704	3265
3378	698	3251
3601	690	3240
3826	661	3232
314	1254	3316
315	1261	3324
372	1273	3353
525	1252	3380
678	1171	3354
1013	1072	3340
1349	1038	3323
1657	967	3306
1901	954	3287
2180	947	3267
2423	934	3250
2659	966	3232
2925	937	3272
3151	907	3263
3366	917	3251
3591	925	3240
3816	927	3231
290	1504	3315
290	1510	3322
355	1529	3344
515	1508	3358
675	1448	3336
988	1370	3323
1294	1321	3310
1616	1282	3296
1882	1265	3280
2155	1240	3264
2402	1254	3246
2683	1230	3279
2910	1210	3270
3137	1220	3259
3354	1213	3249
3582	1227	3241
3806	1213	3230
264	1714	3312
274	1718	3317
337	1731	3335
504	1715	3338
671	1698	3320
964	1621	3310
1271	1584	3298
1623	1565	3286
1877	1537	3274
2137	1528	3258
2423	1502	3285
2675	1494	3276
2898	1499	3267
3124	1503	3256
3344	1507	3247
3571	1505	3239
3798	1512	3230
238	1926	3312
257	1929	3316
322	1934	3327
493	1921	3315
659	1884	3310
941	1846	3300
1286	1817	3291
1597	1797	3308
1873	1776	3299
2152	1764	3290
2413	1755	3283
2659	1752	3273
2888	1748	3261
3117	1754	3255
3338	1753	3245
3565	1760	3240
3795	1767	3235
227	2160	3337
249	2163	3340
306	2162	3344
483	2157	3322
647	2140	3319
955	2071	3313
1301	2046	3308
1570	2030	3302
1864	2011	3296
2144	1999	3288
2405	1994	3280
2646	1991	3271
2881	1989	3262
3113	1992	3255
3334	1994	3246
3562	2003	3242
3789	2007	3234
233	2422	3336
264	2424	3338
307	2424	3320
484	2399	3318
649	2376	3316
969	2346	3312
1298	2323	3308
1597	2299	3301
1865	2280	3292
2145	2267	3286
2403	2264	3279
2652	2259	3270
2883	2259	3264
3114	2261	3257
3334	2264	3249
3563	2272	3245
3791	2271	3239
240	2660	3336
280	2659	3321
355	2646	3321
534	2632	3322
712	2608	3323
993	2588	3322
1329	2567	3318
1636	2549	3315
1905	2537	3312
2164	2527	3307
2443	2519	3297
2681	2520	3289
2907	2520	3278
3131	2525	3268
3344	2531	3255
3569	2539	3250
3796	2543	3245
281	2888	3328
306	2885	3328
398	2875	3328
521	2858	3329
747	2841	3331
1047	2824	3331
1366	2806	3330
1685	2789	3330
1965	2776	3328
2216	2765	3324
2499	2762	3320
2719	2758	3310
2946	2759	3303
3166	2764	3290
3379	2768	3284
3603	2771	3280
3832	2771	3273
379	3119	3328
389	3117	3328
435	3111	3329
561	3096	3330
778	3077	3333
1120	3061	3336
1422	3047	3338
1755	3026	3338
2029	3016	3337
2269	3012	3331
2508	3009	3324
2739	3007	3322
2963	3008	3323
3187	3007	3322
3413	3004	3320
3648	2998	3319
3877	2997	3307
418	3348	3329
399	3347	3330
472	3343	3331
608	3333	3332
762	3314	3334
1058	3299	3339
1339	3289	3345
1723	3275	3350
2019	3263	3354
2254	3259	3352
2501	3255	3348
2726	3254	3345
2958	3254	3343
3182	3250	3339
3418	3247	3336
3661	3242	3332
3906	3234	3327
390	3595	3345
409	3595	3345
439	3592	3344
571	3588	3344
702	3580	3343
937	3560	3344
1221	3547	3350
1604	3533	3355
1913	3519	3358
2214	3508	3365
2471	3504	3363
2704	3501	3357
2938	3498	3352
3180	3494	3346
3417	3492	3340
3661	3484	3329
3906	3478	3318
380	3834	3363
389	3836	3364
391	3841	3349
466	3850	3356
582	3844	3355
733	3838	3352
989	3821	3348
1305	3816	3343
1716	3798	3343
2083	3781	3345
2392	3769	3349
2682	3759	3353
2927	3754	3345
3166	3750	3336
3405	3746	3327
3652	3741	3316
3899	3737	3304
369	4073	3353
369	4075	3353
387	4079	3356
402	4087	3360
413	4095	3342
569	4095	3344
843	4092	3339
1192	4073	3332
1569	4058	3325
1946	4048	3316
2283	4039	3316
2599	4028	3319
2883	4018	3322
3152	4008	3322
3388	4006	3310
3638	4000	3296
3886	3997	3284
462	521	3412
495	521	3423
593	536	3458
598	551	3536
872	529	3533
1093	502	3531
1396	433	3528
1802	332	3520
2063	316	3516
2286	292	3511
2535	280	3503
2770	294	3498
2977	314	3481
3161	315	3459
3404	323	3477
3630	336	3463
3861	387	3449
497	577	3443
509	606	3455
549	615	3499
633	600	3576
858	584	3571
1126	544	3566
1431	440	3557
1828	376	3547
2076	343	3539
2301	322	3531
2543	342	3521
2766	375	3501
2973	395	3480
3159	395	3458
3401	401	3477
3626	407	3463
3858	414	3449
474	666	3551
483	777	3562
507	798	3603
644	775	3669
768	670	3653
1059	564	3633
1439	452	3610
1807	419	3588
2066	410	3566
2245	393	3543
2510	405	3520
2738	437	3499
2881	483	3432
3195	516	3491
3396	561	3478
3615	540	3463
3846	512	3449
450	942	3548
457	949	3558
465	982	3594
579	1011	3645
693	964	3599
1024	833	3583
1306	738	3559
1616	713	3537
1948	723	3515
2190	726	3494
2434	722	3470
2664	753	3450
2871	759	3431
3165	732	3494
3377	722	3482
3597	706	3469
3822	690	3457
336	1215	3544
344	1221	3552
388	1242	3581
514	1261	3618
688	1205	3581
980	1119	3567
1288	1069	3547
1603	990	3527
1892	987	3508
2172	992	3488
2420	994	3466
2652	989	3448
2922	972	3504
3146	932	3491
3363	953	3479
3586	937	3466
3811	950	3457
328	1484	3541
331	1487	3548
368	1498	3572
503	1481	3593
682	1438	3563
973	1394	3550
1263	1351	3535
1574	1298	3517
1884	1275	3499
2151	1267	3480
2407	1243	3463
2683	1250	3513
2909	1232	3501
3133	1232	3488
3351	1235	3476
3576	1221	3465
3802	1243	3456
314	1710	3541
303	1713	3546
368	1721	3565
492	1702	3573
682	1672	3546
931	1624	3536
1239	1602	3524
1596	1571	3509
1871	1543	3491
2158	1524	3527
2422	1509	3517
2672	1511	3507
2896	1507	3495
3123	1517	3485
3343	1512	3474
3568	1508	3465
3797	1526	3456
276	1920	3541
277	1922	3546
324	1929	3560
481	1920	3541
665	1894	3534
910	1867	3527
1215	1835	3550
1553	1804	3539
1874	1784	3530
2152	1772	3522
2411	1766	3513
2658	1761	3502
2887	1756	3491
3115	1762	3481
3337	1761	3473
3564	1764	3465
3792	1778	3457
262	2150	3572
271	2153	3576
319	2155	3584
473	2150	3559
676	2126	3555
889	2109	3551
1250	2057	3541
1576	2040	3534
1871	2017	3526
2139	2008	3517
2403	2002	3509
2652	1998	3498
2883	1998	3489
3111	1998	3479
3334	2005	3473
3561	2012	3465
3788	2017	3458
257	2420	3570
280	2422	3573
317	2427	3553
478	2409	3552
688	2386	3549
935	2364	3545
1268	2330	3536
1610	2303	3530
1876	2288	3524
2145	2276	3515
2405	2272	3506
2651	2269	3498
2886	2268	3490
3113	2270	3480
3335	2274	3473
3561	2283	3468
3790	2283	3461
262	2662	3568
288	2664	3550
362	2656	3549
508	2638	3548
695	2614	3544
938	2599	3539
1316	2578	3533
1622	2564	3528
1877	2553	3524
2164	2540	3516
2427	2536	3507
2666	2537	3500
2893	2537	3490
3122	2538	3483
3342	2543	3477
3560	2552	3462
3800	2549	3472
292	2894	3547
321	2893	3547
409	2887	3548
538	2871	3548
731	2851	3548
1017	2834	3550
1346	2819	3547
1664	2800	3544
1935	2790	3541
2212	2780	3537
2457	2777	3532
2704	2775	3524
2930	2775	3513
3151	2780	3502
3365	2783	3501
3590	2784	3498
3827	2781	3503
394	3122	3554
400	3121	3555
447	3117	3556
603	3106	3556
757	3085	3556
1070	3066	3555
1421	3052	3557
1741	3036	3557
2005	3026	3558
2272	3019	3556
2500	3016	3557
2741	3014	3558
2959	3012	3557
3185	3011	3556
3402	3011	3552
3634	3012	3549
3865	3009	3543
461	3347	3560
405	3346	3560
485	3342	3562
593	3334	3565
753	3321	3569
1028	3309	3573
1291	3298	3576
1712	3281	3580
1991	3270	3586
2261	3264	3589
2503	3259	3586
2726	3259	3585
2955	3257	3584
3182	3255	3584
3414	3250	3583
3663	3243	3583
3901	3238	3574
396	3601	3581
411	3603	3583
454	3599	3582
537	3594	3581
692	3588	3582
926	3571	3588
1178	3554	3592
1583	3538	3596
1910	3524	3601
2203	3512	3608
2462	3508	3609
2698	3504	3606
2938	3501	3602
3176	3498	3596
3413	3493	3587
3658	3487	3579
3902	3480	3570
385	3836	3612
408	3837	3613
409	3842	3617
482	3853	3599
571	3854	3602
693	3848	3600
928	3839	3597
1283	3818	3593
1702	3801	3596
2077	3783	3600
2390	3771	3607
2678	3763	3606
2924	3759	3599
3164	3755	3590
3399	3748	3580
3647	3746	3570
3894	3740	3560
402	4074	3601
404	4075	3601
412	4080	3604
427	4088	3609
437	4095	3587
565	4095	3591
829	4095	3590
1174	4081	3584
1520	4066	3574
1958	4053	3574
2305	4038	3577
2611	4028	3584
2895	4017	3589
3144	4011	3578
3380	4008	3566
3632	4003	3554
3881	4002	3544
442	713	3646
459	704	3657
618	667	3691
636	630	3757
891	578	3765
1122	549	3763
1378	471	3760
1745	349	3755
2017	346	3751
2271	338	3744
2530	330	3740
2771	342	3732
2953	367	3708
3191	352	3719
3403	367	3712
3628	381	3697
3844	435	3685
486	767	3683
537	789	3690
587	783	3720
675	679	3795
832	647	3800
1059	589	3795
1425	512	3788
1790	363	3781
2058	353	3774
2289	368	3764
2528	387	3755
2764	425	3731
2950	433	3708
3199	440	3727
3401	430	3712
3625	443	3697
3840	463	3685
530	821	3775
527	874	3786
560	899	3822
654	874	3891
752	826	3882
1029	660	3862
1396	651	3841
1762	473	3820
2042	438	3797
2234	418	3773
2502	445	3751
2667	508	3674
2867	518	3648
3186	529	3726
3391	565	3712
3614	505	3697
3827	563	3684
502	941	3773
518	960	3782
533	1015	3814
568	1069	3872
725	1004	3815
989	920	3798
1290	791	3779
1613	784	3758
1918	760	3735
2179	734	3713
2430	775	3692
2653	824	3672
2946	771	3745
3159	739	3731
3370	700	3717
3594	731	3703
3819	736	3692
403	1210	3770
401	1218	3778
403	1245	3804
503	1269	3846
698	1228	3799
973	1133	3785
1261	1100	3768
1548	1050	3749
1900	1028	3729
2161	1011	3709
2414	1043	3690
2643	1028	3670
2917	1004	3740
3143	949	3728
3359	943	3714
3583	957	3702
3807	965	3690
363	1460	3769
364	1466	3776
373	1490	3798
492	1514	3824
725	1486	3785
958	1417	3772
1231	1383	3757
1588	1343	3738
1888	1322	3721
2147	1317	3702
2442	1233	3762
2680	1231	3749
2903	1238	3736
3130	1243	3724
3347	1243	3710
3572	1255	3700
3799	1256	3689
328	1709	3769
332	1713	3774
347	1725	3792
480	1720	3802
714	1697	3769
948	1656	3759
1259	1629	3746
1570	1597	3731
1874	1550	3775
2156	1538	3766
2420	1520	3753
2667	1524	3743
2895	1521	3730
3120	1528	3719
3340	1514	3708
3566	1498	3698
3793	1523	3689
322	1924	3769
323	1926	3773
326	1932	3788
471	1921	3763
685	1900	3758
919	1888	3794
1214	1858	3787
1508	1812	3777
1843	1793	3768
2144	1776	3757
2408	1773	3748
2656	1769	3737
2887	1766	3727
3114	1771	3717
3334	1764	3707
3562	1780	3699
3788	1788	3689
291	2149	3805
294	2152	3809
307	2163	3820
463	2161	3792
647	2145	3790
937	2124	3785
1191	2096	3780
1582	2040	3770
1878	2024	3762
2146	2014	3752
2403	2010	3743
2654	2007	3734
2883	2004	3723
3111	2008	3715
3333	2016	3706
3559	2021	3697
3785	2024	3687
281	2421	3803
284	2422	3805
327	2433	3787
475	2414	3784
666	2390	3781
955	2368	3776
1223	2343	3770
1596	2313	3765
1881	2294	3756
2152	2286	3749
2416	2282	3741
2659	2280	3732
2886	2277	3721
3113	2282	3713
3335	2286	3706
3560	2287	3697
3790	2301	3691
285	2662	3800
296	2667	3780
347	2659	3780
506	2642	3778
713	2623	3774
965	2606	3770
1299	2592	3766
1619	2570	3761
1902	2555	3754
2167	2547	3746
2425	2546	3739
2657	2545	3729
2897	2545	3724
3123	2547	3715
3343	2550	3707
3565	2558	3698
3802	2550	3708
330	2897	3781
352	2895	3780
422	2889	3779
593	2877	3776
743	2861	3773
1076	2840	3768
1326	2828	3764
1650	2814	3760
1925	2805	3757
2180	2798	3751
2459	2793	3745
2691	2792	3738
2917	2794	3729
3135	2796	3722
3354	2793	3727
3589	2792	3738
3829	2784	3746
375	3124	3781
408	3122	3780
460	3118	3779
645	3110	3777
773	3093	3776
1097	3076	3776
1421	3062	3775
1721	3050	3775
2004	3040	3775
2241	3035	3775
2489	3031	3777
2715	3029	3780
2939	3028	3781
3153	3027	3781
3384	3026	3781
3613	3026	3781
3848	3021	3779
406	3352	3793
428	3351	3793
498	3346	3793
579	3342	3795
750	3337	3798
1076	3321	3801
1343	3305	3805
1696	3294	3812
1959	3285	3817
2203	3276	3823
2486	3269	3825
2724	3264	3830
2950	3264	3833
3176	3260	3835
3411	3258	3836
3649	3252	3826
3882	3251	3814
423	3604	3817
447	3605	3818
470	3607	3822
513	3602	3822
685	3596	3823
875	3586	3827
1162	3561	3831
1511	3549	3838
1859	3536	3844
2161	3525	3852
2457	3516	3859
2689	3512	3857
2936	3510	3855
3172	3505	3849
3409	3497	3839
3658	3493	3836
3898	3485	3827
439	3841	3858
426	3842	3859
427	3847	3865
489	3858	3839
580	3871	3849
614	3863	3846
911	3845	3839
1290	3820	3842
1727	3805	3848
2083	3790	3855
2403	3779	3861
2675	3771	3861
2916	3768	3855
3159	3761	3845
3394	3755	3836
3640	3751	3829
3889	3745	3819
456	4080	3849
457	4081	3850
459	4085	3853
465	4094	3858
475	4095	3835
542	4095	3845
794	4095	3841
1074	4085	3832
1549	4069	3827
1974	4057	3835
2308	4045	3842
2619	4033	3847
2887	4023	3847
3137	4018	3837
3375	4015	3828
3626	4010	3819
3875	4005	3808